520.044	26
520.097	30
520.149	32
520.201	26
520.254	30
520.306	36
520.359	30
520.411	30
520.464	26
520.516	34
520.569	30
520.621	20
520.674	22
520.726	36
520.778	32
520.831	24
520.883	30
520.936	38
520.988	32
521.041	34
521.093	24
521.146	28
521.198	30
521.25	18
521.303	26
521.355	40
521.408	36
521.46	28
521.513	32
521.565	34
521.617	34
521.67	28
521.722	28
521.775	30
521.827	28
521.88	26
521.932	24
521.984	32
522.037	34
522.089	32
522.142	22
522.194	28
522.247	38
522.299	28
522.352	26
522.404	38
522.456	34
522.509	36
522.561	28
522.614	34
522.666	34
522.719	30
522.771	26
522.823	38
522.876	30
522.928	36
522.981	26
523.033	28
523.086	38
523.138	30
523.19	26
523.243	36
523.295	30
523.348	38
523.4	28
523.453	34
523.505	40
523.557	28
523.61	22
523.662	26
523.715	24
523.767	36
523.82	28
523.872	22
523.924	40
523.977	36
524.029	24
524.082	32
524.134	32
524.186	38
524.239	28
524.291	18
524.344	36
524.396	30
524.449	24
524.501	24
524.553	34
524.606	34
524.658	26
524.711	30
524.763	32
524.815	24
524.868	28
524.92	32
524.973	38
525.025	42
525.078	18
525.13	26
525.182	38
525.235	34
525.287	18
525.34	30
525.392	28
525.444	36
525.497	32
525.549	32
525.602	36
525.654	30
525.706	26
525.759	32
525.811	30
525.864	36
525.916	30
525.969	26
526.021	36
526.073	36
526.126	32
526.178	20
526.231	34
526.283	40
526.335	32
526.388	26
526.44	30
526.493	26
526.545	36
526.597	28
526.65	30
526.702	36
526.755	26
526.807	30
526.859	30
526.912	32
526.964	34
527.017	26
527.069	40
527.121	38
527.174	28
527.226	22
527.279	34
527.331	32
527.383	30
527.436	24
527.488	32
527.54	30
527.593	34
527.645	26
527.698	26
527.75	38
527.802	44
527.855	24
527.907	30
527.96	30
528.012	32
528.064	32
528.117	20
528.169	30
528.222	34
528.274	30
528.326	30
528.379	30
528.431	32
528.484	28
528.536	30
528.588	32
528.641	42
528.693	28
528.745	32
528.798	34
528.85	34
528.903	34
528.955	34
529.007	28
529.06	38
529.112	36
529.164	22
529.217	32
529.269	36
529.322	26
529.374	32
529.426	38
529.479	30
529.531	22
529.584	28
529.636	36
529.688	28
529.741	28
529.793	26
529.845	30
529.898	36
529.95	32
530.003	28
530.055	40
530.107	34
530.16	30
530.212	30
530.264	36
530.317	34
530.369	32
530.422	30
530.474	32
530.526	32
530.579	30
530.631	24
530.683	42
530.736	36
530.788	40
530.841	24
530.893	30
530.945	34
530.998	34
531.05	28
531.102	34
531.155	32
531.207	36
531.259	28
531.312	32
531.364	34
531.417	36
531.469	26
531.521	40
531.574	34
531.626	36
531.678	40
531.731	26
531.783	32
531.835	32
531.888	28
531.94	36
531.992	36
532.045	36
532.097	30
532.15	32
532.202	38
532.254	36
532.307	32
532.359	32
532.411	42
532.464	34
532.516	30
532.568	32
532.621	30
532.673	36
532.726	36
532.778	30
532.83	34
532.883	38
532.935	32
532.987	28
533.04	42
533.092	40
533.144	30
533.197	38
533.249	44
533.301	36
533.354	30
533.406	28
533.458	36
533.511	38
533.563	32
533.615	32
533.668	38
533.72	36
533.773	36
533.825	30
533.877	36
533.93	40
533.982	36
534.034	26
534.087	34
534.139	36
534.191	34
534.244	36
534.296	36
534.348	38
534.401	40
534.453	34
534.505	38
534.558	36
534.61	40
534.662	34
534.715	40
534.767	44
534.819	30
534.872	34
534.924	40
534.976	42
535.029	38
535.081	36
535.133	40
535.186	44
535.238	42
535.29	34
535.343	48
535.395	44
535.447	38
535.5	36
535.552	42
535.604	40
535.657	36
535.709	36
535.761	36
535.814	36
535.866	44
535.918	34
535.971	34
536.023	32
536.075	32
536.128	28
536.18	32
536.232	42
536.285	46
536.337	34
536.389	34
536.442	34
536.494	32
536.546	48
536.599	26
536.651	38
536.703	44
536.755	32
536.808	36
536.86	40
536.912	40
536.965	38
537.017	32
537.069	34
537.122	38
537.174	42
537.226	30
537.279	42
537.331	44
537.383	28
537.436	34
537.488	40
537.54	40
537.593	42
537.645	30
537.697	50
537.75	36
537.802	36
537.854	36
537.906	40
537.959	36
538.011	38
538.063	30
538.116	38
538.168	36
538.22	36
538.273	40
538.325	38
538.377	46
538.43	40
538.482	32
538.534	40
538.586	34
538.639	44
538.691	36
538.743	28
538.796	46
538.848	38
538.9	40
538.953	34
539.005	48
539.057	36
539.109	38
539.162	34
539.214	46
539.266	38
539.319	36
539.371	34
539.423	42
539.476	32
539.528	38
539.58	40
539.633	50
539.685	32
539.737	32
539.789	38
539.842	38
539.894	42
539.946	34
539.999	36
540.051	42
540.103	42
540.155	40
540.208	28
540.26	36
540.312	48
540.365	40
540.417	34
540.469	52
540.521	40
540.574	32
540.626	34
540.678	36
540.731	44
540.783	36
540.835	40
540.888	42
540.94	42
540.992	44
541.044	36
541.097	38
541.149	44
541.201	42
541.254	38
541.306	36
541.358	44
541.41	34
541.463	34
541.515	40
541.567	46
541.62	32
541.672	36
541.724	54
541.776	40
541.829	30
541.881	40
541.933	42
541.985	56
542.038	34
542.09	46
542.142	46
542.195	48
542.247	32
542.299	46
542.351	46
542.404	44
542.456	32
542.508	38
542.56	42
542.613	42
542.665	40
542.717	48
542.77	44
542.822	54
542.874	42
542.926	46
542.979	52
543.031	40
543.083	40
543.135	34
543.188	52
543.24	52
543.292	48
543.344	42
543.397	48
543.449	36
543.501	52
543.554	42
543.606	46
543.658	54
543.71	54
543.763	40
543.815	42
543.867	48
543.919	48
543.972	46
544.024	38
544.076	44
544.128	52
544.181	44
544.233	52
544.285	44
544.337	48
544.39	44
544.442	46
544.494	52
544.547	52
544.599	42
544.651	48
544.703	48
544.755	42
544.808	50
544.86	36
544.912	46
544.965	50
545.017	38
545.069	42
545.121	48
545.174	52
545.226	32
545.278	50
545.33	50
545.383	50
545.435	40
545.487	46
545.539	54
545.591	48
545.644	48
545.696	52
545.748	42
545.8	52
545.853	40
545.905	36
545.957	52
546.009	58
546.062	44
546.114	44
546.166	54
546.218	42
546.271	52
546.323	50
546.375	58
546.427	48
546.48	46
546.532	48
546.584	56
546.636	58
546.689	58
546.741	58
546.793	54
546.845	62
546.898	50
546.95	58
547.002	50
547.054	54
547.106	48
547.159	52
547.211	54
547.263	62
547.315	54
547.368	58
547.42	60
547.472	56
547.524	52
547.577	52
547.629	50
547.681	56
547.733	52
547.785	54
547.838	54
547.89	68
547.942	52
547.994	56
548.047	52
548.099	64
548.151	60
548.203	60
548.255	50
548.308	64
548.36	58
548.412	54
548.464	54
548.517	64
548.569	50
548.621	64
548.673	56
548.725	64
548.778	60
548.83	58
548.882	58
548.934	68
548.987	60
549.039	58
549.091	68
549.143	68
549.195	68
549.248	64
549.3	62
549.352	72
549.404	58
549.456	60
549.509	62
549.561	62
549.613	58
549.665	54
549.718	68
549.77	68
549.822	68
549.874	70
549.926	56
549.979	56
550.031	68
550.083	56
550.135	66
550.187	74
550.24	60
550.292	78
550.344	66
550.396	64
550.448	80
550.501	64
550.553	60
550.605	74
550.657	72
550.709	72
550.762	74
550.814	68
550.866	90
550.918	82
550.97	80
551.023	86
551.075	82
551.127	92
551.179	90
551.231	88
551.284	88
551.336	94
551.388	88
551.44	96
551.492	98
551.545	108
551.597	104
551.649	110
551.701	126
551.753	128
551.806	124
551.858	132
551.91	134
551.962	150
552.014	158
552.067	184
552.119	212
552.171	238
552.223	280
552.275	354
552.327	498
552.38	782
552.432	1710
552.484	3804
552.536	7034
552.588	11194
552.641	15128
552.693	17850
552.745	15944
552.797	7786
552.849	2938
552.901	1116
552.954	652
553.006	416
553.058	310
553.11	266
553.162	214
553.215	196
553.267	170
553.319	156
553.371	140
553.423	150
553.475	120
553.528	110
553.58	120
553.632	110
553.684	108
553.736	108
553.788	104
553.841	104
553.893	86
553.945	96
553.997	96
554.049	88
554.102	70
554.154	78
554.206	100
554.258	94
554.31	88
554.362	84
554.414	88
554.467	88
554.519	86
554.571	82
554.623	90
554.675	82
554.727	82
554.78	80
554.832	90
554.884	88
554.936	78
554.988	88
555.04	86
555.093	78
555.145	80
555.197	80
555.249	82
555.301	90
555.353	90
555.406	76
555.458	90
555.51	80
555.562	74
555.614	86
555.666	86
555.719	94
555.771	84
555.823	82
555.875	88
555.927	84
555.979	80
556.031	94
556.084	96
556.136	98
556.188	86
556.24	78
556.292	90
556.344	90
556.396	88
556.449	78
556.501	84
556.553	86
556.605	86
556.657	84
556.709	82
556.762	86
556.814	88
556.866	82
556.918	84
556.97	98
557.022	96
557.074	90
557.127	94
557.179	90
557.231	86
557.283	88
557.335	100
557.387	92
557.439	86
557.492	98
557.544	86
557.596	96
557.648	100
557.7	94
557.752	96
557.804	100
557.856	74
557.909	90
557.961	90
558.013	102
558.065	106
558.117	88
558.169	86
558.221	104
558.273	98
558.326	104
558.378	92
558.43	92
558.482	114
558.534	102
558.586	98
558.638	104
558.691	106
558.743	94
558.795	102
558.847	92
558.899	102
558.951	86
559.003	106
559.055	108
559.108	102
559.16	104
559.212	110
559.264	116
559.316	112
559.368	106
559.42	104
559.472	102
559.525	96
559.577	98
559.629	102
559.681	106
559.733	114
559.785	108
559.837	106
559.889	116
559.941	114
559.994	106
560.046	110
560.098	114
560.15	114
560.202	104
560.254	110
560.306	114
560.358	116
560.41	114
560.463	114
560.515	114
560.567	124
560.619	112
560.671	124
560.723	120
560.775	116
560.827	124
560.879	130
560.932	116
560.984	128
561.036	116
561.088	126
561.14	114
561.192	130
561.244	130
561.296	126
561.348	116
561.4	140
561.453	124
561.505	130
561.557	118
561.609	132
561.661	130
561.713	132
561.765	124
561.817	134
561.869	138
561.921	134
561.974	140
562.026	138
562.078	144
562.13	130
562.182	132
562.234	142
562.286	144
562.338	146
562.39	132
562.442	140
562.494	140
562.547	138
562.599	134
562.651	138
562.703	148
562.755	138
562.807	140
562.859	156
562.911	160
562.963	162
563.015	144
563.067	152
563.12	154
563.172	160
563.224	146
563.276	162
563.328	150
563.38	146
563.432	170
563.484	152
563.536	162
563.588	166
563.64	148
563.692	162
563.744	160
563.797	160
563.849	150
563.901	180
563.953	160
564.005	182
564.057	176
564.109	168
564.161	178
564.213	166
564.265	150
564.317	176
564.369	176
564.421	166
564.474	172
564.526	158
564.578	178
564.63	178
564.682	168
564.734	190
564.786	166
564.838	182
564.89	172
564.942	174
564.994	164
565.046	158
565.098	162
565.15	166
565.202	160
565.255	170
565.307	172
565.359	164
565.411	158
565.463	160
565.515	162
565.567	168
565.619	170
565.671	162
565.723	152
565.775	162
565.827	168
565.879	168
565.931	158
565.983	162
566.035	164
566.087	166
566.139	170
566.192	160
566.244	160
566.296	162
566.348	156
566.4	156
566.452	158
566.504	160
566.556	156
566.608	150
566.66	164
566.712	156
566.764	154
566.816	130
566.868	158
566.92	158
566.972	168
567.024	168
567.076	154
567.128	160
567.18	158
567.232	152
567.285	162
567.337	170
567.389	164
567.441	156
567.493	180
567.545	158
567.597	168
567.649	158
567.701	162
567.753	170
567.805	162
567.857	162
567.909	184
567.961	160
568.013	174
568.065	156
568.117	167.91
568.169	175.787
568.221	169.944
568.273	144.552
568.325	156.188
568.377	167.552
568.429	163.881
568.481	151.197
568.533	163.914
568.585	176.862
568.637	170.849
568.69	152.341
568.742	180.872
568.794	155.729
568.846	168.591
568.898	175.726
568.95	160.745
569.002	177.638
569.054	161.603
569.106	157.35
569.158	156.424
569.21	174.096
569.262	170.619
569.314	157.134
569.366	169.608
569.418	161.712
569.47	167.324
569.522	158.912
569.574	177.264
569.626	170.741
569.678	182.572
569.73	170.634
569.782	181.193
569.834	174.252
569.886	177.858
569.938	172.434
569.99	170.73
570.042	176.133
570.094	180.646
570.146	180.535
570.198	173.249
570.25	180.646
570.302	173.41
570.354	183.13
570.406	176.932
570.458	180.15
570.51	194.382
570.562	185.375
570.614	178.833
570.666	181.024
570.718	174.346
570.77	189.797
570.822	194.439
570.874	194.53
570.926	191.156
570.978	182.205
571.03	187.933
571.082	182.807
571.134	197.38
571.186	194.12
571.238	195.399
571.29	192.124
571.342	201.151
571.394	202.122
571.446	199.417
571.498	197.109
571.55	202.352
571.602	199.991
571.654	208.148
571.706	216.609
571.758	210.474
571.81	207.244
571.862	201.356
571.914	206.23
571.966	210.974
572.018	213.384
572.07	228.932
572.122	220.916
572.174	226.168
572.226	220.761
572.278	230.78
572.33	231.351
572.382	227.605
572.434	229.89
572.486	234.765
572.538	241.995
572.59	241.162
572.642	252.894
572.694	239.633
572.746	260.657
572.798	253.141
572.85	247.682
572.902	249.335
572.954	259.718
573.006	272.216
573.058	279.919
573.11	278.395
573.162	279.007
573.214	272.404
573.266	284.39
573.312	272
573.364	290
573.416	298
573.469	290
573.521	280
573.573	296
573.625	290
573.677	306
573.73	304
573.782	310
573.834	326
573.886	332
573.938	342
573.991	336
574.043	332
574.095	342
574.147	342
574.199	348
574.252	356
574.304	358
574.356	368
574.408	364
574.46	362
574.513	372
574.565	372
574.617	368
574.669	394
574.721	394
574.774	396
574.826	396
574.878	402
574.93	366
574.982	430
575.035	406
575.087	404
575.139	412
575.191	400
575.243	418
575.296	410
575.348	424
575.4	422
575.452	418
575.504	412
575.556	418
575.609	430
575.661	418
575.713	432
575.765	436
575.817	412
575.87	422
575.922	420
575.974	416
576.026	416
576.078	410
576.131	412
576.183	400
576.235	396
576.287	398
576.339	376
576.391	376
576.444	406
576.496	396
576.548	404
576.6	398
576.652	374
576.705	398
576.757	384
576.809	372
576.861	378
576.913	362
576.965	356
577.018	356
577.07	356
577.122	374
577.174	364
577.226	346
577.279	344
577.331	356
577.383	336
577.435	352
577.487	358
577.539	344
577.592	354
577.644	342
577.696	324
577.748	346
577.8	302
577.852	322
577.905	334
577.957	314
578.009	336
578.061	320
578.113	332
578.165	338
578.218	300
578.27	308
578.322	322
578.374	320
578.426	334
578.478	316
578.531	320
578.583	324
578.635	304
578.687	300
578.739	298
578.791	300
578.844	310
578.896	320
578.948	292
579	304
579.052	338
579.104	306
579.157	298
579.209	314
579.261	320
579.313	314
579.365	310
579.417	314
579.47	306
579.522	320
579.574	304
579.626	334
579.678	326
579.73	338
579.782	306
579.835	332
579.887	334
579.939	314
579.991	310
580.043	302
580.095	336
580.148	330
580.2	326
580.252	336
580.304	324
580.356	334
580.408	338
580.46	334
580.513	340
580.565	316
580.617	350
580.669	332
580.721	328
580.773	336
580.826	324
580.878	342
580.93	328
580.982	330
581.034	324
581.086	338
581.138	318
581.191	364
581.243	350
581.295	338
581.347	372
581.399	342
581.451	360
581.503	340
581.556	354
581.608	338
581.66	348
581.712	344
581.764	354
581.816	358
581.868	352
581.92	358
581.973	352
582.025	364
582.077	366
582.129	348
582.181	332
582.233	350
582.285	366
582.338	384
582.39	358
582.442	352
582.494	360
582.546	360
582.598	356
582.65	354
582.703	378
582.755	354
582.807	378
582.859	372
582.911	392
582.963	368
583.015	362
583.067	354
583.12	368
583.172	396
583.224	386
583.276	380
583.328	388
583.38	382
583.432	384
583.484	384
583.537	394
583.589	356
583.641	400
583.693	406
583.745	388
583.797	398
583.849	402
583.901	426
583.953	416
584.006	420
584.058	414
584.11	406
584.162	396
584.214	426
584.266	404
584.318	420
584.37	422
584.423	436
584.475	442
584.527	424
584.579	434
584.631	462
584.683	438
584.735	454
584.787	438
584.839	454
584.892	470
584.944	454
584.996	460
585.048	418
585.1	444
585.152	428
585.204	468
585.256	452
585.308	462
585.361	468
585.413	472
585.465	464
585.517	462
585.569	460
585.621	500
585.673	468
585.725	474
585.777	494
585.83	472
585.882	480
585.934	508
585.986	484
586.038	514
586.09	506
586.142	500
586.194	530
586.246	510
586.298	506
586.351	528
586.403	530
586.455	496
586.507	532
586.559	526
586.611	496
586.663	518
586.715	520
586.767	526
586.819	514
586.872	504
586.924	518
586.976	514
587.028	484
587.08	532
587.132	514
587.184	510
587.236	500
587.288	526
587.34	520
587.392	508
587.445	500
587.497	508
587.549	522
587.601	534
587.653	522
587.705	488
587.757	520
587.809	524
587.861	526
587.913	524
587.965	510
588.018	524
588.07	504
588.122	512
588.174	516
588.226	518
588.278	526
588.33	522
588.382	550
588.434	538
588.486	546
588.538	542
588.59	566
588.642	554
588.695	586
588.747	556
588.799	570
588.851	564
588.903	592
588.955	574
589.007	600
589.059	590
589.111	618
589.163	642
589.215	616
589.267	650
589.319	660
589.372	664
589.424	654
589.476	670
589.528	658
589.58	658
589.632	640
589.684	688
589.736	676
589.788	638
589.84	652
589.892	652
589.944	634
589.996	642
590.048	610
590.101	590
590.153	616
590.205	600
590.257	590
590.309	600
590.361	620
590.413	582
590.465	580
590.517	562
590.569	608
590.621	582
590.673	560
590.725	566
590.777	556
590.829	554
590.881	524
590.933	514
590.986	540
591.038	524
591.09	530
591.142	506
591.194	532
591.246	538
591.298	526
591.35	536
591.402	542
591.454	506
591.506	496
591.558	508
591.61	518
591.662	516
591.714	506
591.766	510
591.818	472
591.87	502
591.923	514
591.975	500
592.027	498
592.079	520
592.131	496
592.183	498
592.235	500
592.287	492
592.339	480
592.391	480
592.443	488
592.495	492
592.547	498
592.599	486
592.651	504
592.703	512
592.755	488
592.807	490
592.859	504
592.911	480
592.963	482
593.015	490
593.068	498
593.12	494
593.172	508
593.224	496
593.276	486
593.328	496
593.38	486
593.432	512
593.484	494
593.536	490
593.588	476
593.64	502
593.692	496
593.744	506
593.796	498
593.848	520
593.9	492
593.952	490
594.004	494
594.056	480
594.108	498
594.16	510
594.212	492
594.264	476
594.316	486
594.368	486
594.42	484
594.472	488
594.524	500
594.576	474
594.628	472
594.68	494
594.732	478
594.784	506
594.837	494
594.889	496
594.941	490
594.993	494
595.045	514
595.097	508
595.149	484
595.201	526
595.253	514
595.305	512
595.357	494
595.409	502
595.461	522
595.513	504
595.565	498
595.617	484
595.669	520
595.721	510
595.773	514
595.825	538
595.877	516
595.929	522
595.981	506
596.033	518
596.085	510
596.137	502
596.189	534
596.241	516
596.293	534
596.345	524
596.397	534
596.449	550
596.501	552
596.553	558
596.605	536
596.657	538
596.709	570
596.761	544
596.813	558
596.865	522
596.917	552
596.969	500
597.021	538
597.073	524
597.125	544
597.177	524
597.229	500
597.281	488
597.333	506
597.385	514
597.437	542
597.489	504
597.541	490
597.593	504
597.645	518
597.697	518
597.749	524
597.801	514
597.853	518
597.905	538
597.957	504
598.009	514
598.061	526
598.113	518
598.165	512
598.217	514
598.269	516
598.321	522
598.373	538
598.425	496
598.477	512
598.529	510
598.581	526
598.633	502
598.685	488
598.737	528
598.789	504
598.841	512
598.893	524
598.945	516
598.997	518
599.049	522
599.101	522
599.153	502
599.205	514
599.257	532
599.309	518
599.361	512
599.413	510
599.465	536
599.517	534
599.569	542
599.62	516
599.672	502
599.724	500
599.776	540
599.828	540
599.88	524
599.932	524
599.984	484
600.036	522
600.088	516
600.14	526
600.192	544
600.244	526
600.296	502
600.348	508
600.4	510
600.452	534
600.504	520
600.556	514
600.608	518
600.66	508
600.712	544
600.764	524
600.816	522
600.868	492
600.92	504
600.972	540
601.024	536
601.076	518
601.128	538
601.18	506
601.232	514
601.284	528
601.335	520
601.387	512
601.439	534
601.491	542
601.543	510
601.595	530
601.647	522
601.699	544
601.751	522
601.803	518
601.855	536
601.907	506
601.959	542
602.011	526
602.063	528
602.115	528
602.167	536
602.219	510
602.271	528
602.323	518
602.375	530
602.427	534
602.478	530
602.53	542
602.582	562
602.634	514
602.686	528
602.738	542
602.79	524
602.842	528
602.894	552
602.946	508
602.998	548
603.05	530
603.102	520
603.154	512
603.206	546
603.258	520
603.31	554
603.362	540
603.413	542
603.465	524
603.517	538
603.569	534
603.621	532
603.673	552
603.725	534
603.777	522
603.829	552
603.881	560
603.933	558
603.985	558
604.037	534
604.089	534
604.141	536
604.193	522
604.244	534
604.296	560
604.348	534
604.4	532
604.452	528
604.504	522
604.556	552
604.608	536
604.66	552
604.712	530
604.764	526
604.816	542
604.868	562
604.92	542
604.971	544
605.023	528
605.075	558
605.127	554
605.179	536
605.231	532
605.283	560
605.335	546
605.387	542
605.439	548
605.491	528
605.543	552
605.594	564
605.646	522
605.698	582
605.75	524
605.802	516
605.854	550
605.906	564
605.958	524
606.01	520
606.062	568
606.114	542
606.166	548
606.217	558
606.269	566
606.321	544
606.373	562
606.425	530
606.477	544
606.529	532
606.581	546
606.633	534
606.685	538
606.737	540
606.789	542
606.84	520
606.892	542
606.944	576
606.996	554
607.048	566
607.1	548
607.152	560
607.204	560
607.256	566
607.308	552
607.359	548
607.411	528
607.463	562
607.515	550
607.567	552
607.619	542
607.671	548
607.723	562
607.775	530
607.827	552
607.878	570
607.93	578
607.982	550
608.034	576
608.086	548
608.138	550
608.19	550
608.242	576
608.294	552
608.345	556
608.397	544
608.449	600
608.501	546
608.553	576
608.605	538
608.657	570
608.709	562
608.761	550
608.812	558
608.864	608
608.916	566
608.968	586
609.02	574
609.072	552
609.124	570
609.176	580
609.228	552
609.279	554
609.331	578
609.383	574
609.435	586
609.487	560
609.539	582
609.591	552
609.643	580
609.694	566
609.746	576
609.798	546
609.85	566
609.902	578
609.954	576
610.006	550
610.058	564
610.109	580
610.161	574
610.213	590
610.265	554
610.317	570
610.369	572
610.421	560
610.473	574
610.524	582
610.576	578
610.628	574
610.68	588
610.732	590
610.784	578
610.836	574
610.887	582
610.939	558
610.991	578
611.043	596
611.095	576
611.147	578
611.199	590
611.25	574
611.302	582
611.354	596
611.406	576
611.458	598
611.51	582
611.562	596
611.614	582
611.665	574
611.717	598
611.769	574
611.821	600
611.873	600
611.925	590
611.977	574
612.028	588
612.08	606
612.132	594
612.184	574
612.236	588
612.288	590
612.339	566
612.391	588
612.443	590
612.495	588
612.547	578
612.599	598
612.651	574
612.702	582
612.754	596
612.806	592
612.858	582
612.91	602
612.962	600
613.013	592
613.065	608
613.117	592
613.169	604
613.221	594
613.273	614
613.325	586
613.376	610
613.428	608
613.48	600
613.532	608
613.584	592
613.635	592
613.687	594
613.739	574
613.791	616
613.843	610
613.895	604
613.947	608
613.998	604
614.05	606
614.102	612
614.154	604
614.206	580
614.258	616
614.309	626
614.361	616
614.413	602
614.465	618
614.517	598
614.568	614
614.62	624
614.672	608
614.724	604
614.776	594
614.828	610
614.879	630
614.931	636
614.983	620
615.035	614
615.087	612
615.139	624
615.19	608
615.242	612
615.294	628
615.346	638
615.398	630
615.449	606
615.501	606
615.553	638
615.605	626
615.657	644
615.709	634
615.76	626
615.812	602
615.864	626
615.916	608
615.968	622
616.019	639.826
616.071	631.348
616.123	611.878
616.175	613.305
616.227	616.775
616.278	656.447
616.33	641.925
616.382	628.457
616.434	626.726
616.486	624.145
616.537	638.442
616.589	638.158
616.641	622.641
616.693	644.238
616.745	637.765
616.797	650.423
616.848	648.14
616.9	625.493
616.952	624.735
617.004	617.988
617.056	637.134
617.107	611.843
617.159	634.226
617.211	622.97
617.263	632.422
617.315	632.152
617.366	643.529
617.418	644.371
617.47	635.812
617.522	623.4
617.573	622.111
617.625	640.035
617.677	645.019
617.729	637.637
617.781	638.155
617.832	631.454
617.884	647.138
617.936	632.652
617.988	621.789
618.04	653.561
618.091	638.586
618.143	631.274
618.195	662.189
618.247	649.217
618.299	629.869
618.35	629.256
618.402	633.294
618.454	631.397
618.506	651.094
618.557	649.07
618.609	632.19
618.661	639.668
618.713	645.903
618.765	640.126
618.816	626.497
618.868	640.648
618.92	641.383
618.972	650.586
619.023	624.079
619.075	633.96
619.127	644.957
619.179	626.931
619.231	644.789
619.282	644.876
619.334	635.893
619.386	639.343
619.438	644.881
619.49	638.877
619.541	643.893
619.593	650.548
619.645	633.369
619.697	651.33
619.748	648.281
619.8	649.297
619.852	630.975
619.904	639.81
619.955	653.275
620.007	645.363
620.059	647.216
620.111	659.364
620.162	645.169
620.214	630.189
620.266	635.044
620.318	634.436
620.37	639.932
620.421	634.24
620.473	637.492
620.525	645.813
620.577	629.422
620.628	618.48
620.68	643.524
620.732	632.255
620.784	630.054
620.835	633.765
620.887	630.648
620.939	632.272
620.991	641.658
621.042	635.269
621.094	631.422
621.146	640.726
621.198	649.937
621.249	655.316
621.269	656
621.321	638
621.373	630
621.425	630
621.477	640
621.529	624
621.581	626
621.633	642
621.685	620
621.737	642
621.789	646
621.841	612
621.893	628
621.945	674
621.997	626
622.049	640
622.101	626
622.153	650
622.205	618
622.257	646
622.309	648
622.361	608
622.413	652
622.465	638
622.517	594
622.569	642
622.621	646
622.673	658
622.725	614
622.776	636
622.828	654
622.88	650
622.932	634
622.984	614
623.036	636
623.088	618
623.14	614
623.192	654
623.244	612
623.296	628
623.348	598
623.4	606
623.452	636
623.504	644
623.556	636
623.608	642
623.66	626
623.712	638
623.764	636
623.816	616
623.868	660
623.92	596
623.972	614
624.024	610
624.076	658
624.128	638
624.18	632
624.232	634
624.284	634
624.336	650
624.388	632
624.44	628
624.492	606
624.544	648
624.596	650
624.648	650
624.699	632
624.751	666
624.803	652
624.855	608
624.907	634
624.959	602
625.011	642
625.063	632
625.115	648
625.167	624
625.219	648
625.271	644
625.323	626
625.375	638
625.427	624
625.479	646
625.531	638
625.583	672
625.635	644
625.687	664
625.739	638
625.791	642
625.843	638
625.895	656
625.946	666
625.998	644
626.05	682
626.102	632
626.154	660
626.206	628
626.258	670
626.31	636
626.362	652
626.414	644
626.466	648
626.518	636
626.57	658
626.622	656
626.674	636
626.726	668
626.778	678
626.83	668
626.882	674
626.934	654
626.985	642
627.037	648
627.089	666
627.141	688
627.193	666
627.245	652
627.297	650
627.349	666
627.401	674
627.453	678
627.505	684
627.557	634
627.609	648
627.661	672
627.713	658
627.765	662
627.817	636
627.868	656
627.92	662
627.972	684
628.024	678
628.076	654
628.128	654
628.18	662
628.232	662
628.284	664
628.336	672
628.388	690
628.44	690
628.492	638
628.544	668
628.596	674
628.647	680
628.699	688
628.751	626
628.803	666
628.855	674
628.907	688
628.959	656
629.011	674
629.063	664
629.115	672
629.167	666
629.219	650
629.271	662
629.322	674
629.374	686
629.426	674
629.478	658
629.53	696
629.582	666
629.634	676
629.686	664
629.738	698
629.79	652
629.842	654
629.894	680
629.945	680
629.997	686
630.049	692
630.101	670
630.153	694
630.205	712
630.257	700
630.309	664
630.361	680
630.413	652
630.465	666
630.517	672
630.568	676
630.62	658
630.672	684
630.724	670
630.776	704
630.828	668
630.88	724
630.932	656
630.984	670
631.036	692
631.088	720
631.14	658
631.191	692
631.243	696
631.295	698
631.347	676
631.399	694
631.451	714
631.503	692
631.555	678
631.607	696
631.659	688
631.71	684
631.762	680
631.814	686
631.866	692
631.918	692
631.97	680
632.022	696
632.074	704
632.126	718
632.178	708
632.229	692
632.281	686
632.333	684
632.385	696
632.437	686
632.489	708
632.541	708
632.593	702
632.645	696
632.696	712
632.748	702
632.8	730
632.852	714
632.904	690
632.956	722
633.008	686
633.06	710
633.112	720
633.164	714
633.215	722
633.267	720
633.319	710
633.371	724
633.423	718
633.475	708
633.527	726
633.579	680
633.63	734
633.682	706
633.734	700
633.786	734
633.838	730
633.89	706
633.942	738
633.994	724
634.046	718
634.097	724
634.149	760
634.201	708
634.253	752
634.305	744
634.357	754
634.409	726
634.461	758
634.512	756
634.564	748
634.616	716
634.668	720
634.72	744
634.772	752
634.824	774
634.876	726
634.927	730
634.979	746
635.031	744
635.083	774
635.135	758
635.187	764
635.239	778
635.291	748
635.342	756
635.394	774
635.446	804
635.498	778
635.55	790
635.602	774
635.654	786
635.705	778
635.757	800
635.809	818
635.861	834
635.913	782
635.965	788
636.017	812
636.068	814
636.12	786
636.172	800
636.224	838
636.276	830
636.328	792
636.38	836
636.431	846
636.483	852
636.535	796
636.587	876
636.639	840
636.691	832
636.743	854
636.794	882
636.846	848
636.898	862
636.95	848
637.002	868
637.054	842
637.106	840
637.157	862
637.209	836
637.261	900
637.313	874
637.365	852
637.417	880
637.469	858
637.52	868
637.572	866
637.624	884
637.676	840
637.728	856
637.78	846
637.831	848
637.883	856
637.935	890
637.987	858
638.039	882
638.091	860
638.143	890
638.194	832
638.246	888
638.298	876
638.35	866
638.402	888
638.454	842
638.505	826
638.557	864
638.609	828
638.661	872
638.713	866
638.765	864
638.816	862
638.868	804
638.92	844
638.972	812
639.024	860
639.076	824
639.127	822
639.179	836
639.231	828
639.283	836
639.335	816
639.387	820
639.438	842
639.49	838
639.542	824
639.594	806
639.646	840
639.698	834
639.749	812
639.801	850
639.853	810
639.905	820
639.957	802
640.008	824
640.06	790
640.112	804
640.164	818
640.216	806
640.268	796
640.319	800
640.371	834
640.423	810
640.475	798
640.527	834
640.578	814
640.63	804
640.682	822
640.734	812
640.786	820
640.838	816
640.889	818
640.941	794
640.993	800
641.045	800
641.097	828
641.148	808
641.2	800
641.252	780
641.304	824
641.356	814
641.408	798
641.459	814
641.511	814
641.563	822
641.615	804
641.667	832
641.718	808
641.77	812
641.822	830
641.874	776
641.926	814
641.977	774
642.029	824
642.081	768
642.133	796
642.185	794
642.236	810
642.288	808
642.34	792
642.392	820
642.444	810
642.495	786
642.547	794
642.599	810
642.651	812
642.703	808
642.754	814
642.806	804
642.858	796
642.91	838
642.962	824
643.013	816
643.065	816
643.117	802
643.169	808
643.221	820
643.272	790
643.324	814
643.376	824
643.428	790
643.479	814
643.531	802
643.583	808
643.635	820
643.687	796
643.738	796
643.79	802
643.842	764
643.894	822
643.946	782
643.997	796
644.049	836
644.101	806
644.153	844
644.205	792
644.256	822
644.308	822
644.36	796
644.412	776
644.463	828
644.515	792
644.567	820
644.619	804
644.671	824
644.722	834
644.774	828
644.826	832
644.878	816
644.929	830
644.981	822
645.033	810
645.085	838
645.136	808
645.188	834
645.24	818
645.292	828
645.344	792
645.395	814
645.447	814
645.499	834
645.551	806
645.602	830
645.654	818
645.706	810
645.758	836
645.81	850
645.861	826
645.913	830
645.965	804
646.017	858
646.068	822
646.12	844
646.172	858
646.224	828
646.275	800
646.327	834
646.379	838
646.431	850
646.482	826
646.534	810
646.586	850
646.638	850
646.689	810
646.741	842
646.793	820
646.845	834
646.896	840
646.948	836
647	836
647.052	846
647.104	850
647.155	842
647.207	866
647.259	840
647.31	830
647.362	820
647.414	852
647.466	850
647.518	840
647.569	838
647.621	832
647.673	850
647.724	850
647.776	852
647.828	840
647.88	872
647.931	840
647.983	876
648.035	850
648.087	840
648.138	854
648.19	848
648.242	840
648.294	832
648.345	880
648.397	850
648.449	878
648.501	834
648.552	840
648.604	842
648.656	850
648.708	858
648.759	870
648.811	870
648.863	848
648.915	872
648.966	852
649.018	860
649.07	832
649.121	862
649.173	858
649.225	864
649.277	880
649.328	860
649.38	856
649.432	850
649.484	862
649.535	894
649.587	856
649.639	850
649.69	872
649.742	832
649.794	842
649.846	854
649.897	894
649.949	876
650.001	848
650.053	872
650.104	880
650.156	868
650.208	902
650.259	856
650.311	888
650.363	896
650.415	868
650.466	876
650.518	850
650.57	846
650.621	892
650.673	848
650.725	868
650.777	870
650.828	868
650.88	858
650.932	846
650.984	872
651.035	894
651.087	880
651.139	876
651.19	872
651.242	862
651.294	856
651.345	894
651.397	854
651.449	880
651.501	894
651.552	872
651.604	856
651.656	872
651.707	872
651.759	876
651.811	876
651.863	866
651.914	884
651.966	878
652.018	850
652.069	898
652.121	858
652.173	898
652.224	886
652.276	856
652.328	912
652.38	846
652.431	908
652.483	846
652.535	878
652.586	886
652.638	860
652.69	852
652.741	870
652.793	868
652.845	912
652.897	886
652.948	872
653	912
653.052	874
653.103	878
653.155	890
653.207	870
653.258	868
653.31	862
653.362	870
653.413	900
653.465	900
653.517	884
653.568	906
653.62	904
653.672	898
653.724	908
653.775	888
653.827	880
653.879	888
653.93	872
653.982	896
654.034	902
654.085	914
654.137	888
654.189	922
654.24	900
654.292	932
654.344	900
654.395	902
654.447	902
654.499	912
654.55	912
654.602	924
654.654	888
654.705	884
654.757	906
654.809	930
654.86	896
654.912	918
654.964	956
655.016	940
655.067	910
655.119	906
655.17	900
655.222	924
655.274	926
655.326	902
655.377	938
655.429	932
655.481	942
655.532	956
655.584	908
655.635	930
655.687	940
655.739	898
655.79	958
655.842	964
655.894	970
655.945	922
655.997	936
656.049	954
656.1	910
656.152	918
656.204	944
656.255	932
656.307	924
656.359	984
656.41	974
656.462	938
656.514	934
656.565	966
656.617	944
656.669	960
656.72	928
656.772	934
656.824	942
656.875	920
656.927	962
656.979	954
657.03	984
657.082	974
657.134	960
657.185	964
657.237	962
657.288	968
657.34	970
657.392	966
657.443	954
657.495	962
657.547	986
657.598	970
657.65	980
657.702	970
657.753	998
657.805	972
657.857	968
657.908	958
657.96	988
658.011	960
658.063	982
658.115	992
658.166	988
658.218	940
658.27	980
658.321	968
658.373	972
658.425	968
658.476	986
658.528	986
658.579	968
658.631	972
658.683	942
658.734	976
658.786	954
658.838	976
658.889	976
658.941	950
658.992	982
659.044	992
659.096	1002
659.147	960
659.199	980
659.251	998
659.302	966
659.354	964
659.406	982
659.457	990
659.509	994
659.56	966
659.612	958
659.664	980
659.715	976
659.767	942
659.818	966
659.87	982
659.922	952
659.973	958
660.025	948
660.077	986
660.128	938
660.18	946
660.231	944
660.283	964
660.335	982
660.386	952
660.438	980
660.49	960
660.541	954
660.593	1014
660.644	964
660.696	962
660.748	958
660.799	950
660.851	972
660.902	958
660.954	978
661.006	982
661.057	970
661.109	984
661.16	938
661.212	936
661.264	950
661.315	974
661.367	972
661.418	972
661.47	968
661.522	956
661.573	980
661.625	918
661.676	948
661.728	966
661.78	918
661.831	944
661.883	936
661.934	962
661.986	944
662.038	954
662.089	940
662.141	978
662.192	952
662.244	950
662.296	954
662.347	970
662.399	944
662.45	926
662.502	976
662.554	946
662.605	984
662.657	992
662.708	962
662.76	974
662.811	960
662.863	972
662.915	960
662.966	936
663.018	972
663.069	982
663.121	952
663.173	958
663.224	930
663.276	962
663.327	982
663.379	964
663.43	950
663.482	976
663.534	958
663.585	964
663.637	956
663.688	976
663.74	964.099
663.792	952.085
663.843	958.723
663.895	966.772
663.946	962.259
663.998	967.813
664.049	967.811
664.101	964.628
664.153	971.187
664.204	961.512
664.256	955.944
664.307	963.432
664.359	942.364
664.41	976.22
664.462	964.36
664.513	963.922
664.565	964.896
664.617	975.077
664.668	955.897
664.72	937.472
664.771	969.511
664.823	972.25
664.874	971.221
664.926	963.809
664.978	956.133
665.029	966.052
665.081	959.677
665.132	975.613
665.184	938.979
665.235	959.1
665.287	980.763
665.339	982.428
665.39	961.339
665.442	977.807
665.493	973.777
665.545	955.278
665.596	960.851
665.648	970.491
665.699	975.627
665.751	969.239
665.802	980.018
665.854	964.21
665.906	979.156
665.957	958.669
666.009	956.601
666.06	965.224
666.112	961.767
666.163	958.312
666.215	978.699
666.266	970.566
666.318	971.998
666.37	945.298
666.421	957.157
666.473	968.185
666.524	962.087
666.576	974.588
666.627	961.198
666.679	951.218
666.73	948.341
666.782	967.534
666.833	946.785
666.885	952.713
666.937	970.096
666.988	957.52
667.04	950.337
667.091	978.221
667.143	960.708
667.194	964.736
667.246	971.413
667.297	962.591
667.349	950.548
667.4	938.545
667.452	964.104
667.503	974.966
667.555	965.961
667.607	952.686
667.658	974.41
667.71	965.775
667.761	952.942
667.813	953.946
667.864	975.159
667.916	971.816
667.967	962.91
668.019	982.34
668.07	971.324
668.122	963.399
668.173	941.395
668.225	958.402
668.276	959.831
668.328	952.984
668.379	954.114
668.431	979.466
668.482	951.722
668.534	965.05
668.586	971.516
668.637	938.95
668.689	948.674
668.74	974.838
668.792	952.257
668.843	955.264
668.895	970.057
668.935	964
668.987	982
669.038	964
669.09	976
669.142	946
669.194	972
669.245	982
669.297	944
669.349	954
669.401	954
669.453	950
669.504	966
669.556	966
669.608	964
669.66	952
669.711	964
669.763	946
669.815	932
669.867	966
669.918	970
669.97	932
670.022	928
670.074	964
670.125	958
670.177	928
670.229	972
670.281	992
670.332	942
670.384	948
670.436	974
670.488	992
670.539	966
670.591	936
670.643	956
670.695	962
670.747	926
670.798	956
670.85	956
670.902	956
670.953	936
671.005	948
671.057	964
671.109	974
671.161	970
671.212	938
671.264	946
671.316	960
671.367	962
671.419	962
671.471	928
671.523	948
671.575	966
671.626	946
671.678	960
671.73	966
671.781	958
671.833	944
671.885	946
671.937	956
671.988	954
672.04	960
672.092	944
672.144	974
672.195	938
672.247	964
672.299	968
672.351	984
672.402	978
672.454	958
672.506	938
672.558	978
672.609	970
672.661	978
672.713	930
672.765	968
672.816	944
672.868	994
672.92	952
672.971	958
673.023	958
673.075	906
673.127	974
673.178	938
673.23	984
673.282	982
673.334	974
673.385	968
673.437	984
673.489	984
673.54	974
673.592	978
673.644	958
673.696	990
673.747	974
673.799	970
673.851	960
673.903	980
673.954	956
674.006	974
674.058	982
674.109	960
674.161	968
674.213	974
674.265	972
674.316	982
674.368	956
674.42	978
674.471	992
674.523	984
674.575	954
674.627	992
674.678	988
674.73	978
674.782	994
674.833	982
674.885	966
674.937	978
674.989	982
675.04	952
675.092	1012
675.144	948
675.195	970
675.247	970
675.299	994
675.351	1028
675.402	996
675.454	988
675.506	950
675.557	958
675.609	982
675.661	1000
675.713	996
675.764	958
675.816	984
675.868	1002
675.919	1010
675.971	1008
676.023	994
676.074	1010
676.126	1004
676.178	982
676.23	978
676.281	962
676.333	974
676.385	996
676.436	976
676.488	998
676.54	1000
676.591	970
676.643	996
676.695	988
676.747	1012
676.798	1000
676.85	980
676.902	994
676.953	974
677.005	1012
677.057	986
677.108	1002
677.16	984
677.212	986
677.263	982
677.315	1020
677.367	1022
677.419	978
677.47	990
677.522	978
677.574	956
677.625	1016
677.677	996
677.729	978
677.78	1006
677.832	1002
677.884	960
677.935	974
677.987	966
678.039	1004
678.091	968
678.142	976
678.194	982
678.246	988
678.297	978
678.349	980
678.401	950
678.452	986
678.504	908
678.556	1006
678.607	998
678.659	992
678.711	980
678.762	978
678.814	982
678.866	958
678.917	954
678.969	974
679.021	952
679.072	998
679.124	986
679.176	984
679.227	986
679.279	952
679.331	982
679.382	970
679.434	958
679.486	968
679.537	1002
679.589	944
679.641	990
679.692	968
679.744	984
679.796	1008
679.847	988
679.899	978
679.951	946
680.003	976
680.054	1014
680.106	966
680.157	986
680.209	1006
680.261	982
680.312	992
680.364	966
680.416	986
680.467	948
680.519	984
680.571	1004
680.622	984
680.674	998
680.726	1004
680.777	960
680.829	974
680.881	992
680.932	1000
680.984	992
681.036	968
681.087	962
681.139	962
681.191	952
681.242	990
681.294	1006
681.346	1010
681.397	986
681.449	956
681.501	972
681.552	988
681.604	998
681.656	994
681.707	986
681.759	982
681.81	1004
681.862	994
681.914	1010
681.965	1026
682.017	968
682.069	994
682.12	1006
682.172	974
682.224	1002
682.275	994
682.327	1034
682.379	982
682.43	990
682.482	992
682.533	1004
682.585	1010
682.637	1008
682.688	1012
682.74	998
682.792	984
682.843	966
682.895	990
682.947	994
682.998	988
683.05	1028
683.102	996
683.153	990
683.205	980
683.256	972
683.308	994
683.36	1008
683.411	1022
683.463	986
683.515	968
683.566	1004
683.618	998
683.669	998
683.721	988
683.773	994
683.824	1022
683.876	984
683.928	992
683.979	1004
684.031	990
684.082	982
684.134	984
684.186	974
684.237	994
684.289	974
684.341	968
684.392	1002
684.444	970
684.495	968
684.547	982
684.599	960
684.65	1006
684.702	984
684.754	950
684.805	984
684.857	996
684.908	988
684.96	1000
685.012	984
685.063	972
685.115	966
685.166	980
685.218	982
685.27	984
685.321	996
685.373	982
685.424	970
685.476	974
685.528	964
685.579	980
685.631	954
685.683	982
685.734	964
685.786	982
685.837	962
685.889	966
685.941	972
685.992	938
686.044	972
686.095	962
686.147	938
686.199	994
686.25	968
686.302	966
686.353	996
686.405	990
686.457	970
686.508	914
686.56	976
686.611	958
686.663	1006
686.715	938
686.766	972
686.818	1006
686.869	958
686.921	964
686.973	970
687.024	978
687.076	956
687.127	940
687.179	986
687.231	954
687.282	976
687.334	984
687.385	958
687.437	970
687.489	974
687.54	960
687.592	952
687.643	958
687.695	956
687.747	924
687.798	986
687.85	962
687.901	978
687.953	936
688.004	976
688.056	944
688.108	964
688.159	924
688.211	986
688.262	948
688.314	950
688.366	932
688.417	942
688.469	972
688.52	944
688.572	950
688.623	948
688.675	996
688.727	954
688.778	962
688.83	982
688.881	992
688.933	932
688.984	938
689.036	952
689.088	980
689.139	978
689.191	978
689.242	976
689.294	978
689.346	978
689.397	990
689.449	982
689.5	974
689.552	946
689.603	928
689.655	970
689.706	990
689.758	954
689.81	934
689.861	982
689.913	948
689.964	926
690.016	968
690.067	974
690.119	978
690.171	956
690.222	944
690.274	928
690.325	940
690.377	952
690.428	948
690.48	934
690.531	942
690.583	952
690.635	952
690.686	934
690.738	942
690.789	924
690.841	940
690.892	958
690.944	958
690.996	956
691.047	936
691.099	936
691.15	960
691.202	940
691.253	962
691.305	940
691.356	970
691.408	972
691.459	936
691.511	956
691.563	920
691.614	968
691.666	930
691.717	952
691.769	940
691.82	910
691.872	928
691.923	938
691.975	962
692.026	930
692.078	942
692.13	948
692.181	968
692.233	944
692.284	950
692.336	932
692.387	924
692.439	942
692.49	954
692.542	950
692.593	944
692.645	930
692.697	928
692.748	912
692.8	948
692.851	920
692.903	906
692.954	940
693.006	934
693.057	944
693.109	934
693.16	890
693.212	906
693.263	914
693.315	898
693.366	924
693.418	916
693.47	934
693.521	968
693.573	920
693.624	960
693.676	936
693.727	940
693.779	934
693.83	944
693.882	956
693.933	898
693.985	942
694.036	922
694.088	934
694.139	960
694.191	940
694.242	926
694.294	938
694.345	908
694.397	914
694.448	916
694.5	922
694.552	918
694.603	962
694.655	940
694.706	892
694.758	920
694.809	938
694.861	888
694.912	940
694.964	912
695.015	918
695.067	924
695.118	924
695.17	904
695.221	890
695.273	908
695.324	894
695.376	928
695.427	934
695.479	880
695.53	966
695.582	958
695.633	914
695.685	914
695.736	918
695.788	938
695.839	902
695.891	932
695.942	898
695.994	952
696.045	898
696.097	942
696.148	926
696.2	934
696.251	926
696.303	936
696.354	904
696.406	918
696.457	920
696.509	916
696.56	902
696.612	908
696.663	898
696.715	914
696.766	914
696.818	910
696.869	908
696.921	924
696.972	910
697.024	910
697.075	916
697.127	906
697.178	932
697.23	888
697.281	924
697.333	922
697.384	924
697.436	916
697.487	918
697.539	916
697.59	904
697.642	936
697.693	910
697.745	918
697.796	926
697.847	906
697.899	902
697.95	884
698.002	916
698.053	908
698.105	898
698.156	910
698.208	910
698.259	924
698.311	920
698.362	886
698.414	924
698.465	920
698.517	874
698.568	900
698.62	928
698.671	916
698.723	872
698.774	900
698.826	906
698.877	902
698.928	902
698.98	892
699.031	886
699.083	920
699.134	912
699.186	908
699.237	884
699.289	918
699.34	910
699.392	892
699.443	916
699.495	922
699.546	886
699.598	900
699.649	914
699.7	912
699.752	888
699.803	888
699.855	924
699.906	910
699.958	930
700.009	910
700.061	888
700.112	912
700.164	898
700.215	894
700.266	908
700.318	942
700.369	916
700.421	888
700.472	924
700.524	888
700.575	924
700.627	896
700.678	904
700.73	930
700.781	888
700.832	916
700.884	904
700.935	938
700.987	926
701.038	936
701.09	916
701.141	920
701.193	892
701.244	908
701.295	898
701.347	924
701.398	922
701.45	918
701.501	898
701.553	928
701.604	962
701.656	904
701.707	908
701.758	906
701.81	934
701.861	956
701.913	932
701.964	924
702.016	914
702.067	948
702.119	900
702.17	926
702.221	940
702.273	924
702.324	904
702.376	942
702.427	944
702.479	922
702.53	922
702.581	938
702.633	936
702.684	908
702.736	962
702.787	930
702.839	938
702.89	932
702.941	920
702.993	936
703.044	900
703.096	934
703.147	944
703.199	936
703.25	940
703.301	952
703.353	948
703.404	970
703.456	942
703.507	946
703.558	904
703.61	922
703.661	938
703.713	950
703.764	954
703.816	950
703.867	930
703.918	910
703.97	954
704.021	950
704.073	938
704.124	938
704.175	946
704.227	950
704.278	936
704.33	944
704.381	950
704.432	952
704.484	952
704.535	970
704.587	928
704.638	932
704.69	954
704.741	952
704.792	946
704.844	936
704.895	930
704.947	926
704.998	954
705.049	976
705.101	924
705.152	960
705.204	946
705.255	958
705.306	932
705.358	972
705.409	974
705.461	932
705.512	940
705.563	942
705.615	924
705.666	938
705.718	948
705.769	952
705.82	952
705.872	944
705.923	932
705.974	944
706.026	952
706.077	950
706.129	964
706.18	934
706.231	956
706.283	970
706.334	940
706.386	938
706.437	994
706.488	954
706.54	932
706.591	946
706.643	978
706.694	948
706.745	970
706.797	958
706.848	932
706.899	972
706.951	924
707.002	926
707.054	944
707.105	962
707.156	956
707.208	958
707.259	938
707.31	942
707.362	932
707.413	992
707.465	930
707.516	966
707.567	972
707.619	960
707.67	926
707.721	944
707.773	968
707.824	980
707.876	962
707.927	934
707.978	956
708.03	940
708.081	964
708.132	948
708.184	966
708.235	950
708.287	978
708.338	956
708.389	946
708.441	944
708.492	928
708.543	970
708.595	956
708.646	930
708.697	938
708.749	946
708.8	982
708.852	980
708.903	942
708.954	962
709.006	970
709.057	968
709.108	934
709.16	950
709.211	928
709.262	962
709.314	1018
709.365	948
709.416	968
709.468	936
709.519	1004
709.57	980
709.622	982
709.673	972
709.725	954
709.776	976
709.827	982
709.879	1012
709.93	970
709.981	970
710.033	990
710.084	974
710.135	1020
710.187	984
710.238	1014
710.289	994
710.341	990
710.392	978
710.443	1030
710.495	1000
710.546	992
710.597	974
710.649	988
710.7	1012
710.751	1020
710.803	994
710.854	1006
710.905	1016
710.957	1010
711.008	1026
711.059	998
711.111	982
711.162	1048
711.213	1006
711.265	1020.01
711.316	1004.69
711.367	1044.14
711.419	1008.19
711.47	1032.84
711.521	1027.03
711.573	1017.68
711.624	1000.74
711.675	1036.46
711.727	1035.92
711.778	1031.47
711.829	1015.78
711.881	1037.26
711.932	1039.3
711.983	1020.25
712.035	1026.3
712.086	1055.72
712.137	1017.42
712.189	1040.93
712.24	1047.4
712.291	1035.54
712.343	1018.88
712.394	1029.14
712.445	1011.91
712.496	1035.36
712.548	1036.21
712.599	1058.73
712.65	1031.39
712.702	1043.43
712.753	1020.66
712.804	1049.64
712.856	1043.25
712.907	1066.03
712.958	1039.29
713.01	1038.06
713.061	1050.1
713.112	1065.05
713.164	1045.08
713.215	1046.61
713.266	1064.7
713.317	1047.9
713.369	1041.99
713.42	1058.73
713.471	1062.87
713.523	1061.02
713.574	1071.17
713.625	1058.45
713.677	1036.57
713.728	1060.24
713.779	1062.22
713.831	1043.72
713.882	1061.64
713.933	1075.55
713.984	1066.15
714.036	1069.66
714.087	1078.18
714.138	1075.63
714.19	1077.83
714.241	1084.3
714.292	1081.63
714.343	1064.55
714.395	1080.53
714.446	1071.05
714.497	1084.95
714.549	1086.29
714.6	1073.91
714.651	1053.34
714.703	1081.78
714.754	1096.92
714.805	1108.26
714.856	1094.47
714.908	1091.83
714.959	1107.8
715.01	1101.27
715.062	1085.67
715.113	1089.65
715.164	1106.52
715.215	1104.87
715.267	1099.01
715.318	1095.01
715.369	1095.79
715.421	1099.16
715.472	1136.57
715.523	1110.94
715.574	1089.04
715.626	1113.93
715.677	1122.5
715.728	1105.28
715.779	1112.38
715.831	1129.46
715.882	1113.98
715.933	1124.46
715.985	1130.35
716.036	1141.43
716.087	1124.08
716.138	1147.73
716.19	1156.88
716.241	1130.86
716.292	1135.79
716.343	1124.26
716.395	1140.41
716.433	1164
716.485	1182
716.536	1150
716.588	1156
716.639	1172
716.691	1170
716.742	1204
716.794	1208
716.845	1184
716.897	1162
716.948	1186
717	1210
717.052	1164
717.103	1158
717.155	1238
717.206	1186
717.258	1186
717.309	1204
717.361	1178
717.412	1206
717.464	1208
717.515	1206
717.567	1216
717.618	1198
717.67	1236
717.721	1216
717.773	1230
717.824	1240
717.876	1194
717.927	1246
717.979	1246
718.03	1236
718.082	1280
718.133	1216
718.185	1252
718.237	1244
718.288	1272
718.34	1254
718.391	1262
718.443	1274
718.494	1260
718.546	1256
718.597	1264
718.649	1244
718.7	1244
718.752	1272
718.803	1290
718.855	1296
718.906	1316
718.958	1300
719.009	1280
719.061	1312
719.112	1282
719.164	1314
719.215	1360
719.267	1330
719.318	1336
719.37	1340
719.421	1316
719.473	1368
719.524	1324
719.576	1326
719.627	1326
719.679	1352
719.73	1376
719.782	1338
719.833	1336
719.885	1340
719.936	1358
719.988	1388
720.039	1382
720.091	1390
720.142	1406
720.194	1390
720.245	1406
720.297	1410
720.348	1392
720.4	1420
720.451	1446
720.503	1442
720.554	1434
720.606	1490
720.657	1432
720.709	1424
720.76	1438
720.812	1466
720.863	1510
720.915	1478
720.966	1500
721.018	1478
721.069	1490
721.121	1480
721.172	1492
721.224	1528
721.275	1550
721.327	1510
721.378	1492
721.43	1504
721.481	1556
721.532	1550
721.584	1544
721.635	1556
721.687	1528
721.738	1536
721.79	1526
721.841	1524
721.893	1542
721.944	1556
721.996	1592
722.047	1580
722.099	1568
722.15	1588
722.202	1568
722.253	1630
722.305	1600
722.356	1636
722.408	1636
722.459	1672
722.511	1620
722.562	1670
722.614	1608
722.665	1672
722.716	1676
722.768	1692
722.819	1708
722.871	1740
722.922	1716
722.974	1726
723.025	1734
723.077	1764
723.128	1728
723.18	1742
723.231	1772
723.283	1756
723.334	1758
723.386	1764
723.437	1798
723.488	1806
723.54	1800
723.591	1882
723.643	1788
723.694	1828
723.746	1870
723.797	1826
723.849	1856
723.9	1892
723.952	1872
724.003	1888
724.055	1844
724.106	1906
724.157	1890
724.209	1950
724.26	1942
724.312	1980
724.363	1968
724.415	1968
724.466	1972
724.518	2030
724.569	1992
724.621	2032
724.672	2048
724.723	2008
724.775	2050
724.826	2032
724.878	2050
724.929	2132
724.981	2080
725.032	2104
725.084	2144
725.135	2096
725.187	2164
725.238	2128
725.289	2134
725.341	2164
725.392	2176
725.444	2192
725.495	2212
725.547	2214
725.598	2214
725.65	2184
725.701	2238
725.752	2262
725.804	2292
725.855	2286
725.907	2252
725.958	2274
726.01	2278
726.061	2286
726.112	2378
726.164	2366
726.215	2356
726.267	2394
726.318	2356
726.37	2358
726.421	2418
726.473	2442
726.524	2432
726.575	2426
726.627	2494
726.678	2508
726.73	2480
726.781	2464
726.833	2510
726.884	2522
726.935	2524
726.987	2556
727.038	2536
727.09	2572
727.141	2564
727.193	2604
727.244	2574
727.295	2610
727.347	2566
727.398	2694
727.45	2634
727.501	2628
727.552	2690
727.604	2652
727.655	2704
727.707	2688
727.758	2702
727.81	2702
727.861	2702
727.912	2730
727.964	2720
728.015	2788
728.067	2768
728.118	2758
728.17	2760
728.221	2830
728.272	2806
728.324	2830
728.375	2784
728.427	2770
728.478	2826
728.529	2896
728.581	2892
728.632	2842
728.684	2892
728.735	2884
728.786	2900
728.838	2918
728.889	2870
728.941	2870
728.992	2924
729.044	2934
729.095	2954
729.146	2962
729.198	2980
729.249	2982
729.301	2958
729.352	3020
729.403	3038
729.455	3072
729.506	3044
729.558	2996
729.609	3068
729.66	3066
729.712	3116
729.763	3092
729.815	3124
729.866	3100
729.917	3102
729.969	3186
730.02	3186
730.072	3116
730.123	3204
730.174	3190
730.226	3202
730.277	3196
730.329	3244
730.38	3276
730.431	3216
730.483	3340
730.534	3296
730.586	3290
730.637	3366
730.688	3360
730.74	3386
730.791	3482
730.842	3404
730.894	3420
730.945	3396
730.997	3504
731.048	3480
731.099	3508
731.151	3552
731.202	3500
731.254	3598
731.305	3562
731.356	3560
731.408	3558
731.459	3646
731.51	3694
731.562	3678
731.613	3732
731.665	3634
731.716	3822
731.767	3782
731.819	3886
731.87	3914
731.922	3786
731.973	3850
732.024	3948
732.076	3974
732.127	3968
732.178	4034
732.23	4034
732.281	4072
732.333	4162
732.384	4108
732.435	4198
732.487	4212
732.538	4308
732.589	4336
732.641	4344
732.692	4396
732.744	4432
732.795	4442
732.846	4484
732.898	4564
732.949	4610
733	4638
733.052	4700
733.103	4790
733.154	4858
733.206	4822
733.257	4912
733.309	5000
733.36	5048
733.411	5060
733.463	5114
733.514	5216
733.565	5244
733.617	5312
733.668	5408
733.719	5412
733.771	5534
733.822	5612
733.873	5646
733.925	5612
733.976	5764
734.028	5806
734.079	5958
734.13	6002
734.182	6120
734.233	6160
734.284	6352
734.336	6454
734.387	6518
734.438	6598
734.49	6768
734.541	6792
734.592	6954
734.644	7080
734.695	7102
734.747	7202
734.798	7310
734.849	7500
734.901	7644
734.952	7666
735.003	7860
735.055	8034
735.106	8052
735.157	8174
735.209	8336
735.26	8536
735.311	8574
735.363	8714
735.414	9008
735.465	9218
735.517	9314
735.568	9468
735.619	9592
735.671	9814
735.722	9926
735.773	10284
735.825	10346
735.876	10542
735.927	10776
735.979	11014
736.03	11186
736.081	11352
736.133	11584
736.184	11852
736.235	12108
736.287	12262
736.338	12432
736.389	12822
736.441	12942
736.492	13210
736.543	13598
736.595	13646
736.646	14062
736.697	14240
736.749	14468
736.8	14812
736.851	14956
736.903	15290
736.954	15684
737.005	15870
737.057	16334
737.108	16436
737.159	16690
737.211	16938
737.262	17304
737.313	17516
737.365	17768
737.416	17992
737.467	18226
737.518	18468
737.57	18836
737.621	18850
737.672	19156
737.724	19124
737.775	19470
737.826	19508
737.878	19596
737.929	19674
737.98	20012
738.032	20176
738.083	20168
738.134	20258
738.186	20344
738.237	20372
738.288	20348
738.339	20462
738.391	20336
738.442	20272
738.493	20270
738.545	20138
738.596	20148
738.647	19992
738.699	20016
738.75	19712
738.801	19562
738.853	19324
738.904	19122
738.955	18946
739.006	18776
739.058	18724
739.109	18416
739.16	18266
739.212	17998
739.263	17748
739.314	17544
739.366	17256
739.417	16982
739.468	16626
739.519	16354
739.571	16288
739.622	15962
739.673	15774
739.725	15646
739.776	15292
739.827	15120
739.878	14666
739.93	14424
739.981	14166
740.032	14014
740.084	13660
740.135	13290
740.186	13202
740.237	12992
740.289	12720
740.34	12700
740.391	12436
740.443	12166
740.494	11858
740.545	11738
740.596	11534
740.648	11304
740.699	11182
740.75	10872
740.802	10724
740.853	10474
740.904	10504
740.956	10278
741.007	10176
741.058	9990
741.109	9798
741.161	9654
741.212	9468
741.263	9302
741.314	9192
741.366	9126
741.417	8936
741.468	8846
741.52	8704
741.571	8548
741.622	8466
741.673	8182
741.725	8128
741.776	8054
741.827	8082
741.878	7810
741.93	7662
741.981	7614
742.032	7510
742.083	7536
742.135	7336
742.186	7294
742.237	7120
742.289	7054
742.34	6996
742.391	6992
742.442	6794
742.494	6714
742.545	6666
742.596	6578
742.647	6492
742.699	6372
742.75	6378
742.801	6254
742.852	6198
742.904	6186
742.955	6044
743.006	5986
743.057	5920
743.109	5828
743.16	5758
743.211	5732
743.263	5686
743.314	5636
743.365	5496
743.416	5520
743.468	5444
743.519	5408
743.57	5330
743.621	5322
743.672	5286
743.724	5242
743.775	5114
743.826	5146
743.878	5046
743.929	5134
743.98	5000
744.031	4980
744.083	4920
744.134	4906
744.185	4846
744.236	4814
744.287	4744
744.339	4718
744.39	4686
744.441	4716
744.492	4618
744.544	4508
744.595	4542
744.646	4512
744.697	4522
744.749	4432
744.8	4438
744.851	4424
744.902	4310
744.954	4286
745.005	4282
745.056	4200
745.107	4260
745.159	4278
745.21	4218
745.261	4120
745.312	4060
745.363	4118
745.415	4080
745.466	4058
745.517	4102
745.568	4046
745.62	4040
745.671	3960
745.722	4002
745.773	3936
745.824	3924
745.876	3922
745.927	3922
745.978	3854
746.029	3824
746.081	3834
746.132	3816
746.183	3770
746.234	3744
746.285	3736
746.337	3738
746.388	3692
746.439	3688
746.49	3592
746.542	3620
746.593	3636
746.644	3570
746.695	3592
746.746	3586
746.798	3562
746.849	3564
746.9	3530
746.951	3492
747.003	3524
747.054	3524
747.105	3484
747.156	3462
747.207	3482
747.259	3468
747.31	3430
747.361	3388
747.412	3350
747.463	3464
747.515	3398
747.566	3434
747.617	3354
747.668	3294
747.719	3398
747.771	3318
747.822	3326
747.873	3326
747.924	3280
747.975	3310
748.027	3272
748.078	3288
748.129	3218
748.18	3274
748.231	3284
748.283	3230
748.334	3200
748.385	3206
748.436	3222
748.487	3194
748.539	3192
748.59	3236
748.641	3148
748.692	3160
748.743	3140
748.795	3120
748.846	3144
748.897	3140
748.948	3156
748.999	3092
749.05	3114
749.102	3124
749.153	3088
749.204	3090
749.255	3088
749.306	3144
749.358	3100
749.409	3058
749.46	3052
749.511	2974
749.562	3104
749.614	3050
749.665	3116
749.716	3006
749.767	3002
749.818	2946
749.869	2984
749.921	3030
749.972	3050
750.023	3006
750.074	3004
750.125	2950
750.177	2980
750.228	2946
750.279	2968
750.33	2972
750.381	2972
750.432	2836
750.484	3022
750.535	2876
750.586	2912
750.637	2958
750.688	2900
750.739	2928
750.791	2944
750.842	2864
750.893	2964
750.944	2868
750.995	2886
751.046	2884
751.098	2894
751.149	2930
751.2	2908
751.251	2892
751.302	2870
751.353	2868
751.404	2902
751.456	2850
751.507	2878
751.558	2868
751.609	2834
751.66	2862
751.711	2830
751.763	2828
751.814	2858
751.865	2806
751.916	2808
751.967	2828
752.018	2856
752.07	2820
752.121	2850
752.172	2848
752.223	2850
752.274	2772
752.325	2768
752.376	2820
752.428	2866
752.479	2744
752.53	2836
752.581	2836
752.632	2812
752.683	2782
752.734	2740
752.786	2760
752.837	2768
752.888	2792
752.939	2710
752.99	2770
753.041	2754
753.092	2738
753.144	2776
753.195	2768
753.246	2724
753.297	2694
753.348	2718
753.399	2722
753.45	2730
753.502	2706
753.553	2760
753.604	2742
753.655	2678
753.706	2746
753.757	2764
753.808	2692
753.859	2688
753.911	2730
753.962	2696
754.013	2714
754.064	2762
754.115	2684
754.166	2704
754.217	2698
754.269	2638
754.32	2712
754.371	2686
754.422	2690
754.473	2626
754.524	2752
754.575	2730
754.626	2706
754.678	2702
754.729	2684
754.78	2608
754.831	2672
754.882	2648
754.933	2672
754.984	2610
755.035	2686
755.086	2666
755.138	2594
755.189	2612
755.24	2632
755.291	2666
755.342	2634
755.393	2616
755.444	2666
755.495	2610
755.547	2620
755.598	2670
755.649	2616
755.7	2686
755.751	2608
755.802	2622
755.853	2616
755.904	2656
755.955	2650
756.006	2606
756.058	2642
756.109	2640
756.16	2600
756.211	2582
756.262	2554
756.313	2580
756.364	2618
756.415	2576
756.466	2600
756.518	2590
756.569	2620
756.62	2610
756.671	2622
756.722	2570
756.773	2598
756.824	2552
756.875	2566
756.926	2522
756.977	2586
757.029	2600
757.08	2608
757.131	2566
757.182	2596
757.233	2558
757.284	2548
757.335	2600
757.386	2568
757.437	2556
757.488	2548
757.539	2554
757.59	2546
757.642	2502
757.693	2576
757.744	2578
757.795	2516
757.846	2552
757.897	2532
757.948	2574
757.999	2492
758.05	2546
758.101	2562
758.152	2516
758.203	2512
758.255	2554
758.306	2492
758.357	2498
758.408	2502
758.459	2540
758.51	2563.53
758.561	2557.2
758.612	2502.31
758.663	2520.96
758.714	2522.42
758.765	2458.6
758.816	2473.51
758.867	2487.89
758.919	2479.67
758.97	2500.37
759.021	2525.04
759.072	2474.43
759.123	2440.33
759.174	2482.96
759.225	2511.72
759.276	2480.56
759.327	2506.44
759.378	2413.95
759.429	2481.87
759.48	2469.19
759.531	2440
759.582	2479.31
759.633	2409.5
759.685	2439.25
759.736	2446.59
759.787	2447.07
759.838	2424.76
759.889	2475.52
759.94	2431.77
759.991	2452.21
760.042	2449.43
760.093	2425.32
760.144	2385.26
760.195	2441.98
760.246	2445.2
760.297	2382.02
760.348	2387.42
760.399	2410.08
760.45	2378.82
760.501	2358.6
760.552	2371.88
760.603	2366.7
760.655	2386.5
760.706	2387.16
760.757	2378.34
760.808	2366.3
760.859	2370.61
760.91	2351.1
760.961	2383.64
761.012	2373.45
761.063	2379.85
761.114	2364.58
761.165	2345.75
761.216	2365.84
761.267	2372.37
761.318	2386.09
761.369	2363.47
761.42	2361.59
761.471	2359.26
761.522	2361.53
761.573	2320.41
761.624	2358.49
761.675	2326.87
761.726	2380.58
761.777	2341.94
761.828	2310.65
761.88	2353.96
761.931	2347.85
761.982	2317.84
762.033	2320.63
762.084	2325.93
762.135	2353.13
762.186	2348.18
762.237	2344.32
762.288	2341.67
762.339	2280.11
762.39	2324.12
762.441	2315.41
762.492	2310.82
762.543	2303.85
762.594	2324.2
762.645	2288.57
762.696	2279.9
762.747	2297.16
762.798	2321.56
762.849	2299.72
762.9	2313.19
762.951	2291.56
763.002	2256.88
763.053	2269.97
763.104	2298.06
763.155	2317.82
763.206	2299.19
763.257	2323.1
763.308	2278.32
763.359	2295.5
763.41	2296.08
763.461	2303.88
763.512	2278.02
763.563	2281.78
763.614	2260.88
763.665	2278.11
763.678	2286
763.729	2264
763.78	2178
763.832	2272
763.883	2252
763.934	2248
763.986	2262
764.037	2322
764.088	2306
764.139	2312
764.191	2274
764.242	2322
764.293	2266
764.345	2288
764.396	2294
764.447	2316
764.498	2306
764.55	2330
764.601	2304
764.652	2286
764.704	2280
764.755	2276
764.806	2308
764.857	2276
764.909	2248
764.96	2318
765.011	2316
765.062	2290
765.114	2310
765.165	2286
765.216	2284
765.268	2260
765.319	2258
765.37	2282
765.421	2274
765.473	2276
765.524	2262
765.575	2234
765.626	2270
765.678	2332
765.729	2250
765.78	2216
765.831	2268
765.883	2254
765.934	2256
765.985	2260
766.036	2292
766.088	2244
766.139	2276
766.19	2286
766.242	2206
766.293	2226
766.344	2252
766.395	2190
766.447	2184
766.498	2238
766.549	2236
766.6	2216
766.652	2222
766.703	2200
766.754	2226
766.805	2254
766.857	2186
766.908	2176
766.959	2204
767.01	2172
767.062	2188
767.113	2178
767.164	2184
767.215	2182
767.267	2146
767.318	2148
767.369	2168
767.42	2158
767.472	2158
767.523	2122
767.574	2108
767.625	2162
767.677	2126
767.728	2064
767.779	2072
767.83	2090
767.882	2098
767.933	2080
767.984	2072
768.035	2042
768.087	2066
768.138	2014
768.189	2086
768.24	2046
768.292	2096
768.343	2082
768.394	2014
768.445	2008
768.497	2038
768.548	2028
768.599	2042
768.65	2000
768.701	1980
768.753	1984
768.804	1982
768.855	1960
768.906	1934
768.958	1948
769.009	1950
769.06	1998
769.111	1968
769.163	1922
769.214	1904
769.265	1914
769.316	1908
769.367	1912
769.419	1824
769.47	1892
769.521	1874
769.572	1870
769.624	1882
769.675	1898
769.726	1858
769.777	1806
769.828	1860
769.88	1832
769.931	1836
769.982	1816
770.033	1808
770.085	1746
770.136	1780
770.187	1796
770.238	1824
770.289	1816
770.341	1746
770.392	1772
770.443	1776
770.494	1732
770.546	1770
770.597	1762
770.648	1694
770.699	1682
770.75	1710
770.802	1666
770.853	1682
770.904	1740
770.955	1684
771.006	1696
771.058	1684
771.109	1690
771.16	1684
771.211	1672
771.263	1670
771.314	1666
771.365	1686
771.416	1680
771.467	1666
771.519	1626
771.57	1662
771.621	1654
771.672	1618
771.723	1608
771.775	1622
771.826	1630
771.877	1630
771.928	1594
771.979	1580
772.031	1614
772.082	1558
772.133	1592
772.184	1600
772.235	1554
772.287	1558
772.338	1566
772.389	1564
772.44	1556
772.491	1562
772.543	1572
772.594	1544
772.645	1554
772.696	1490
772.747	1506
772.799	1484
772.85	1518
772.901	1494
772.952	1462
773.003	1576
773.055	1490
773.106	1472
773.157	1458
773.208	1486
773.259	1486
773.31	1502
773.362	1454
773.413	1448
773.464	1480
773.515	1488
773.566	1464
773.618	1428
773.669	1462
773.72	1420
773.771	1464
773.822	1410
773.873	1426
773.925	1432
773.976	1464
774.027	1458
774.078	1444
774.129	1436
774.18	1434
774.232	1426
774.283	1444
774.334	1386
774.385	1368
774.436	1410
774.488	1414
774.539	1434
774.59	1380
774.641	1404
774.692	1410
774.743	1432
774.795	1446
774.846	1374
774.897	1388
774.948	1374
774.999	1358
775.05	1368
775.102	1352
775.153	1370
775.204	1328
775.255	1402
775.306	1374
775.357	1368
775.409	1338
775.46	1352
775.511	1354
775.562	1314
775.613	1320
775.664	1330
775.716	1384
775.767	1340
775.818	1328
775.869	1326
775.92	1348
775.971	1328
776.023	1298
776.074	1310
776.125	1306
776.176	1298
776.227	1292
776.278	1230
776.329	1308
776.381	1320
776.432	1280
776.483	1252
776.534	1268
776.585	1318
776.636	1288
776.688	1232
776.739	1278
776.79	1272
776.841	1286
776.892	1276
776.943	1310
776.994	1296
777.046	1254
777.097	1256
777.148	1258
777.199	1240
777.25	1258
777.301	1248
777.352	1244
777.404	1272
777.455	1196
777.506	1202
777.557	1232
777.608	1218
777.659	1200
777.71	1224
777.762	1204
777.813	1180
777.864	1220
777.915	1206
777.966	1194
778.017	1214
778.068	1246
778.12	1184
778.171	1180
778.222	1202
778.273	1208
778.324	1160
778.375	1206
778.426	1148
778.477	1156
778.529	1166
778.58	1138
778.631	1144
778.682	1194
778.733	1186
778.784	1176
778.835	1156
778.886	1176
778.938	1156
778.989	1140
779.04	1150
779.091	1128
779.142	1154
779.193	1174
779.244	1138
779.295	1148
779.347	1158
779.398	1114
779.449	1072
779.5	1128
779.551	1134
779.602	1124
779.653	1084
779.704	1100
779.755	1124
779.807	1124
779.858	1132
779.909	1104
779.96	1052
780.011	1124
780.062	1114
780.113	1098
780.164	1112
780.216	1098
780.267	1066
780.318	1094
780.369	1062
780.42	1094
780.471	1056
780.522	1088
780.573	1082
780.624	1044
780.675	1068
780.727	1090
780.778	1076
780.829	1054
780.88	1088
780.931	1060
780.982	1066
781.033	1030
781.084	1048
781.135	1034
781.187	1036
781.238	1030
781.289	1060
781.34	1036
781.391	1052
781.442	1052
781.493	1028
781.544	1058
781.595	1032
781.646	1032
781.698	1012
781.749	1046
781.8	1068
781.851	1004
781.902	1038
781.953	1050
782.004	1046
782.055	1000
782.106	1030
782.157	1026
782.208	990
782.26	992
782.311	1020
782.362	1022
782.413	978
782.464	944
782.515	1022
782.566	1036
782.617	986
782.668	960
782.719	990
782.77	998
782.821	992
782.872	996
782.924	1000
782.975	968
783.026	968
783.077	990
783.128	986
783.179	992
783.23	966
783.281	982
783.332	962
783.383	964
783.434	964
783.485	964
783.536	998
783.588	970
783.639	994
783.69	952
783.741	956
783.792	948
783.843	930
783.894	950
783.945	940
783.996	924
784.047	934
784.098	930
784.149	940
784.2	938
784.252	928
784.303	904
784.354	902
784.405	948
784.456	934
784.507	922
784.558	908
784.609	874
784.66	922
784.711	912
784.762	900
784.813	896
784.864	922
784.915	908
784.966	898
785.017	910
785.068	898
785.12	912
785.171	896
785.222	914
785.273	914
785.324	932
785.375	878
785.426	892
785.477	904
785.528	906
785.579	884
785.63	894
785.681	900
785.732	910
785.783	886
785.834	902
785.885	896
785.936	864
785.987	850
786.038	890
786.089	884
786.141	884
786.192	872
786.243	900
786.294	852
786.345	858
786.396	870
786.447	868
786.498	856
786.549	884
786.6	864
786.651	864
786.702	860
786.753	852
786.804	850
786.855	842
786.906	858
786.957	882
787.008	814
787.059	838
787.11	860
787.161	846
787.212	812
787.263	842
787.314	884
787.365	870
787.416	808
787.467	854
787.518	838
787.57	834
787.621	822
787.672	836
787.723	824
787.774	808
787.825	830
787.876	802
787.927	832
787.978	828
788.029	854
788.08	818
788.131	832
788.182	820
788.233	800
788.284	806
788.335	828
788.386	820
788.437	812
788.488	802
788.539	786
788.59	822
788.641	832
788.692	826
788.743	818
788.794	826
788.845	804
788.896	786
788.947	808
788.998	802
789.049	792
789.1	784
789.151	822
789.202	820
789.253	826
789.304	808
789.355	798
789.406	824
789.457	788
789.508	792
789.559	816
789.61	810
789.661	798
789.712	794
789.763	792
789.814	810
789.865	812
789.916	782
789.967	804
790.018	812
790.069	784
790.12	772
790.171	788
790.222	798
790.273	806
790.324	790
790.375	786
790.426	806
790.477	766
790.528	798
790.579	762
790.63	798
790.681	784
790.732	778
790.783	794
790.834	762
790.885	776
790.936	778
790.987	772
791.038	756
791.089	784
791.14	776
791.191	764
791.242	766
791.293	750
791.344	760
791.395	768
791.446	746
791.497	766
791.548	802
791.599	784
791.65	774
791.701	796
791.752	776
791.803	770
791.854	762
791.905	772
791.956	734
792.007	758
792.058	758
792.109	790
792.16	750
792.211	774
792.262	738
792.313	740
792.363	766
792.414	728
792.465	756
792.516	730
792.567	760
792.618	728
792.669	760
792.72	746
792.771	746
792.822	734
792.873	754
792.924	772
792.975	748
793.026	762
793.077	744
793.128	748
793.179	746
793.23	750
793.281	742
793.332	744
793.383	796
793.434	718
793.485	742
793.536	738
793.587	748
793.638	754
793.689	732
793.74	762
793.79	750
793.841	734
793.892	726
793.943	738
793.994	720
794.045	718
794.096	768
794.147	738
794.198	764
794.249	744
794.3	760
794.351	746
794.402	744
794.453	738
794.504	752
794.555	742
794.606	742
794.657	748
794.708	750
794.758	742
794.809	758
794.86	740
794.911	746
794.962	720
795.013	756
795.064	716
795.115	754
795.166	740
795.217	730
795.268	726
795.319	734
795.37	744
795.421	730
795.472	724
795.523	742
795.573	716
795.624	722
795.675	742
795.726	750
795.777	730
795.828	734
795.879	750
795.93	764
795.981	736
796.032	726
796.083	706
796.134	738
796.185	744
796.236	738
796.286	750
796.337	714
796.388	736
796.439	732
796.49	726
796.541	746
796.592	762
796.643	720
796.694	722
796.745	732
796.796	726
796.847	736
796.897	746
796.948	730
796.999	742
797.05	722
797.101	708
797.152	704
797.203	730
797.254	716
797.305	724
797.356	728
797.407	748
797.458	706
797.508	708
797.559	714
797.61	738
797.661	722
797.712	706
797.763	708
797.814	724
797.865	728
797.916	724
797.967	706
798.018	716
798.068	668
798.119	702
798.17	706
798.221	708
798.272	690
798.323	688
798.374	684
798.425	664
798.476	682
798.526	702
798.577	694
798.628	676
798.679	654
798.73	702
798.781	692
798.832	664
798.883	696
798.934	686
798.984	656
799.035	700
799.086	672
799.137	686
799.188	646
799.239	658
799.29	662
799.341	666
799.392	654
799.443	680
799.493	648
799.544	668
799.595	640
799.646	662
799.697	638
799.748	660
799.799	640
799.85	662
799.9	662
799.951	670
800.002	642
800.053	640
800.104	652
800.155	632
800.206	610
800.257	636
800.307	634
800.358	608
800.409	640
800.46	616
800.511	638
800.562	614
800.613	628
800.664	620
800.714	618
800.765	628
800.816	622
800.867	596
800.918	612
800.969	602
801.02	600
801.07	618
801.121	598
801.172	620
801.223	586
801.274	582
801.325	600
801.376	598
801.427	570
801.477	582
801.528	588
801.579	566
801.63	586
801.681	568
801.732	588
801.783	582
801.833	594
801.884	574
801.935	550
801.986	580
802.037	552
802.088	582
802.139	590
802.189	568
802.24	570
802.291	562
802.342	574
802.393	598
802.444	572
802.495	540
802.545	556
802.596	554
802.647	550
802.698	552
802.749	554
802.8	572
802.85	564
802.901	548
802.952	544
803.003	552
803.054	572
803.105	550
803.155	542
803.206	544
803.257	544
803.308	574
803.359	568
803.41	554
803.46	540
803.511	546
803.562	544
803.613	552
803.664	514
803.715	530
803.765	522
803.816	534
803.867	550
803.918	532
803.969	546
804.02	532
804.07	524
804.121	518
804.172	498
804.223	532
804.274	540
804.325	512
804.375	528
804.426	552
804.477	534
804.528	522
804.579	524
804.63	536
804.68	510
804.731	530
804.782	524
804.833	530
804.884	494
804.934	552
804.985	516
805.036	514
805.087	532
805.138	516
805.188	514
805.239	518
805.29	516
805.341	506
805.392	502
805.443	532
805.493	513.949
805.544	523.633
805.595	507.596
805.646	511.63
805.697	511.824
805.747	520.971
805.798	512.077
805.849	503.914
805.9	507.667
805.951	513.294
806.001	500.374
806.052	493.374
806.103	496.997
806.154	508.756
806.205	501.102
806.255	507.505
806.306	492.73
806.357	501.557
806.408	489.243
806.459	500.017
806.509	486.75
806.56	487.741
806.611	504.471
806.662	481.977
806.713	492.385
806.763	502.025
806.814	484.515
806.865	494.021
806.916	498.01
806.967	482.951
807.017	503.354
807.068	492.01
807.119	509.61
807.17	499.968
807.22	490.075
807.271	493.846
807.322	505.828
807.373	492.796
807.424	478.181
807.474	495.144
807.525	497.794
807.576	492.947
807.627	489.627
807.678	482.324
807.728	486.843
807.779	490.437
807.83	496.003
807.881	495.459
807.931	486.895
807.982	492.849
808.033	487.685
808.084	499.044
808.135	481.303
808.185	488.726
808.236	494.926
808.287	479.942
808.338	473.6
808.388	493.42
808.439	485.122
808.49	485.5
808.541	485.579
808.591	489.935
808.642	492.848
808.693	467.206
808.744	483.93
808.795	484.662
808.845	482.434
808.896	465.776
808.947	484.451
808.998	477.215
809.048	478.473
809.099	490.109
809.15	469.97
809.201	478.511
809.251	471.017
809.302	495.983
809.353	489.623
809.404	473.056
809.454	480
809.505	481.575
809.556	469.057
809.607	454.15
809.658	468.7
809.708	475.435
809.759	473.73
809.81	480.586
809.861	489.278
809.911	473.657
809.962	454.74
810.013	459.817
810.064	474.385
810.114	479.331
810.165	462.403
810.216	468.689
810.267	466.411
810.317	496.732
810.368	476.069
810.419	456.79
810.469	467.3
810.52	477.2
810.571	482.113
810.622	458.632
810.627	456
810.678	494
810.729	492
810.78	466
810.831	458
810.882	486
810.933	458
810.984	448
811.035	482
811.086	456
811.137	458
811.188	428
811.239	462
811.29	482
811.341	470
811.392	478
811.443	450
811.494	472
811.545	474
811.596	450
811.648	466
811.699	444
811.75	480
811.801	458
811.852	468
811.903	464
811.954	480
812.005	466
812.056	466
812.107	458
812.158	434
812.209	474
812.26	456
812.311	464
812.362	460
812.413	454
812.464	468
812.515	452
812.566	440
812.617	434
812.668	436
812.719	452
812.77	450
812.821	462
812.872	468
812.923	446
812.974	454
813.025	452
813.076	444
813.127	462
813.178	462
813.229	438
813.28	436
813.331	416
813.382	444
813.433	434
813.484	448
813.535	436
813.586	438
813.637	450
813.688	472
813.739	438
813.79	430
813.841	434
813.892	460
813.943	426
813.994	440
814.045	426
814.096	442
814.147	416
814.198	448
814.249	422
814.3	440
814.351	406
814.402	434
814.453	438
814.504	430
814.555	428
814.606	400
814.657	410
814.708	410
814.759	430
814.81	428
814.861	414
814.912	416
814.963	428
815.014	410
815.065	426
815.116	410
815.167	404
815.217	430
815.268	410
815.319	390
815.37	410
815.421	402
815.472	412
815.523	400
815.574	382
815.625	402
815.676	400
815.727	398
815.778	412
815.829	390
815.88	410
815.931	392
815.982	396
816.033	398
816.084	398
816.135	394
816.186	380
816.237	380
816.288	378
816.339	390
816.39	390
816.441	338
816.492	378
816.543	392
816.594	390
816.645	386
816.696	384
816.747	370
816.798	394
816.849	358
816.9	400
816.951	370
817.001	390
817.052	368
817.103	384
817.154	362
817.205	376
817.256	348
817.307	364
817.358	374
817.409	368
817.46	362
817.511	356
817.562	362
817.613	352
817.664	354
817.715	360
817.766	366
817.817	346
817.868	352
817.919	358
817.97	358
818.021	366
818.071	344
818.122	346
818.173	332
818.224	362
818.275	360
818.326	354
818.377	354
818.428	334
818.479	326
818.53	346
818.581	348
818.632	324
818.683	326
818.734	344
818.785	344
818.836	342
818.887	326
818.938	334
818.988	346
819.039	330
819.09	346
819.141	336
819.192	328
819.243	322
819.294	344
819.345	330
819.396	322
819.447	310
819.498	330
819.549	316
819.6	314
819.651	298
819.702	314
819.753	332
819.803	328
819.854	312
819.905	322
819.956	324
820.007	300
820.058	300
820.109	314
820.16	316
820.211	314
820.262	302
820.313	322
820.364	302
820.415	308
820.465	308
820.516	326
820.567	302
820.618	310
820.669	292
820.72	304
820.771	298
820.822	298
820.873	286
820.924	300
820.975	298
821.026	296
821.076	282
821.127	296
821.178	306
821.229	290
821.28	302
821.331	278
821.382	290
821.433	286
821.484	294
821.535	282
821.586	288
821.637	300
821.687	274
821.738	282
821.789	288
821.84	294
821.891	280
821.942	294
821.993	274
822.044	302
822.095	288
822.146	282
822.196	286
822.247	288
822.298	294
822.349	292
822.4	292
822.451	272
822.502	286
822.553	278
822.604	284
822.655	298
822.706	294
822.756	270
822.807	278
822.858	282
822.909	284
822.96	262
823.011	284
823.062	268
823.113	282
823.164	268
823.214	280
823.265	264
823.316	290
823.367	274
823.418	258
823.469	272
823.52	276
823.571	258
823.622	264
823.672	268
823.723	280
823.774	272
823.825	264
823.876	276
823.927	258
823.978	272
824.029	254
824.08	272
824.13	276
824.181	256
824.232	256
824.283	268
824.334	280
824.385	266
824.436	268
824.487	264
824.537	250
824.588	264
824.639	286
824.69	266
824.741	258
824.792	256
824.843	266
824.893	250
824.944	258
824.995	268
825.046	270
825.097	236
825.148	266
825.199	262
825.25	256
825.3	260
825.351	252
825.402	256
825.453	248
825.504	244
825.555	264
825.606	246
825.657	262
825.707	264
825.758	258
825.809	246
825.86	222
825.911	262
825.962	248
826.013	258
826.063	254
826.114	264
826.165	252
826.216	266
826.267	254
826.318	264
826.369	244
826.419	244
826.47	260
826.521	250
826.572	258
826.623	248
826.674	240
826.725	260
826.775	254
826.826	266
826.877	250
826.928	244
826.979	268
827.03	228
827.08	246
827.131	250
827.182	256
827.233	240
827.284	248
827.335	254
827.386	268
827.436	240
827.487	250
827.538	250
827.589	230
827.64	240
827.691	244
827.741	242
827.792	238
827.843	236
827.894	238
827.945	234
827.996	244
828.046	248
828.097	258
828.148	244
828.199	258
828.25	240
828.301	232
828.351	256
828.402	226
828.453	248
828.504	222
828.555	240
828.606	244
828.656	234
828.707	246
828.758	238
828.809	244
828.86	240
828.911	240
828.961	244
829.012	238
829.063	230
829.114	230
829.165	248
829.216	226
829.266	258
829.317	232
829.368	248
829.419	244
829.47	226
829.52	246
829.571	248
829.622	236
829.673	236
829.724	216
829.774	230
829.825	234
829.876	234
829.927	234
829.978	228
830.029	238
830.079	236
830.13	238
830.181	222
830.232	216
830.283	220
830.333	230
830.384	220
830.435	234
830.486	224
830.537	230
830.587	234
830.638	244
830.689	232
830.74	238
830.791	212
830.841	246
830.892	230
830.943	246
830.994	228
831.045	238
831.095	242
831.146	214
831.197	228
831.248	244
831.299	232
831.349	224
831.4	224
831.451	230
831.502	226
831.553	232
831.603	214
831.654	216
831.705	216
831.756	230
831.807	218
831.857	220
831.908	216
831.959	216
832.01	208
832.061	216
832.111	218
832.162	216
832.213	234
832.264	236
832.315	222
832.365	228
832.416	228
832.467	222
832.518	208
832.568	212
832.619	200
832.67	218
832.721	222
832.772	230
832.822	214
832.873	212
832.924	226
832.975	234
833.025	208
833.076	212
833.127	216
833.178	214
833.229	202
833.279	214
833.33	206
833.381	208
833.432	202
833.482	238
833.533	222
833.584	218
833.635	208
833.685	216
833.736	212
833.787	218
833.838	224
833.889	206
833.939	206
833.99	210
834.041	206
834.092	212
834.142	208
834.193	212
834.244	210
834.295	208
834.345	208
834.396	208
834.447	208
834.498	204
834.548	202
834.599	198
834.65	208
834.701	216
834.751	208
834.802	210
834.853	220
834.904	204
834.954	210
835.005	202
835.056	208
835.107	198
835.157	212
835.208	190
835.259	202
835.31	188
835.36	212
835.411	200
835.462	208
835.513	208
835.563	220
835.614	210
835.665	208
835.716	206
835.766	192
835.817	196
835.868	200
835.919	188
835.969	208
836.02	210
836.071	198
836.122	192
836.172	202
836.223	196
836.274	186
836.325	206
836.375	198
836.426	182
836.477	200
836.528	194
836.578	200
836.629	198
836.68	200
836.73	196
836.781	202
836.832	198
836.883	194
836.933	194
836.984	210
837.035	202
837.086	202
837.136	190
837.187	204
837.238	204
837.288	194
837.339	184
837.39	198
837.441	198
837.491	200
837.542	188
837.593	202
837.643	188
837.694	200
837.745	182
837.796	194
837.846	198
837.897	206
837.948	202
837.999	190
838.049	172
838.1	198
838.151	180
838.201	194
838.252	180
838.303	204
838.354	192
838.404	188
838.455	186
838.506	196
838.556	196
838.607	192
838.658	194
838.708	192
838.759	190
838.81	184
838.861	184
838.911	194
838.962	196
839.013	192
839.063	200
839.114	184
839.165	184
839.216	184
839.266	178
839.317	176
839.368	190
839.418	192
839.469	182
839.52	176
839.57	180
839.621	180
839.672	182
839.722	184
839.773	184
839.824	190
839.875	176
839.925	184
839.976	200
840.027	196
840.077	188
840.128	184
840.179	186
840.229	182
840.28	180
840.331	186
840.381	200
840.432	186
840.483	198
840.534	182
840.584	174
840.635	184
840.686	160
840.736	180
840.787	182
840.838	186
840.888	192
840.939	186
840.99	198
841.04	178
841.091	174
841.142	188
841.192	196
841.243	188
841.294	190
841.344	168
841.395	174
841.446	184
841.496	184
841.547	188
841.598	190
841.648	166
841.699	168
841.75	180
841.8	190
841.851	174
841.902	166
841.952	178
842.003	186
842.054	172
842.104	176
842.155	174
842.206	168
842.256	180
842.307	162
842.358	172
842.408	184
842.459	182
842.51	164
842.56	176
842.611	166
842.662	168
842.712	158
842.763	174
842.814	182
842.864	174
842.915	182
842.966	172
843.016	170
843.067	176
843.118	178
843.168	164
843.219	174
843.269	168
843.32	174
843.371	168
843.421	166
843.472	174
843.523	176
843.573	174
843.624	180
843.675	170
843.725	166
843.776	166
843.827	180
843.877	176
843.928	162
843.979	154
844.029	180
844.08	174
844.13	162
844.181	160
844.232	172
844.282	196
844.333	164
844.384	178
844.434	170
844.485	164
844.536	158
844.586	160
844.637	164
844.687	174
844.738	168
844.789	158
844.839	144
844.89	166
844.941	168
844.991	168
845.042	156
845.092	162
845.143	162
845.194	164
845.244	166
845.295	170
845.346	178
845.396	166
845.447	166
845.497	158
845.548	170
845.599	150
845.649	172
845.7	158
845.75	170
845.801	168
845.852	160
845.902	170
845.953	152
846.004	168
846.054	152
846.105	182
846.155	168
846.206	164
846.257	162
846.307	166
846.358	174
846.409	168
846.459	170
846.51	156
846.56	166
846.611	168
846.661	160
846.712	160
846.763	164
846.813	146
846.864	158
846.915	166
846.965	176
847.016	162
847.066	154
847.117	170
847.168	172
847.218	160
847.269	156
847.319	168
847.37	168
847.421	160
847.471	162
847.522	154
847.572	152
847.623	160
847.674	154
847.724	158
847.775	152
847.825	142
847.876	174
847.926	170
847.977	158
848.028	150
848.078	144
848.129	152
848.179	164
848.23	156
848.281	158
848.331	158
848.382	158
848.432	164
848.483	138
848.534	158
848.584	146
848.635	166
848.685	156
848.736	158
848.786	152
848.837	164
848.888	152
848.938	146
848.989	156
849.039	152
849.09	156
849.14	154
849.191	162
849.242	152
849.292	154
849.343	148
849.393	160
849.444	140
849.494	150
849.545	158
849.596	162
849.646	144
849.697	150
849.747	148
849.798	154
849.848	154
849.899	142
849.95	172
850	142
850.051	148
850.101	150
850.152	128
850.202	148
850.253	164
850.303	152
850.354	158
850.405	152
850.455	158
850.506	140
850.556	144
850.607	146
850.657	152
850.708	142
850.758	144
850.809	150
850.86	152
850.91	150
850.961	138
851.011	146
851.062	154
851.112	146
851.163	146
851.213	156
851.264	146
851.314	156
851.365	144
851.416	156
851.466	150
851.517	150
851.567	154
851.618	162
851.668	146
851.719	156
851.769	154
851.82	152
851.87	142
851.921	126
851.971	146
852.022	154
852.073	154
852.123	150
852.174	132
852.224	138
852.275	144
852.325	147.982
852.376	140.26
852.426	139.806
852.477	142.07
852.527	148.771
852.578	149.118
852.628	150.182
852.679	145.242
852.729	134.505
852.78	129.512
852.831	152.488
852.881	133.747
852.932	135.813
852.982	140.74
853.033	144.62
853.083	149.59
853.134	137.476
853.184	141.923
853.235	128.995
853.285	132.41
853.336	140.686
853.386	142.915
853.437	140.566
853.487	133.624
853.538	138.724
853.588	138.437
853.639	142.058
853.689	147.996
853.74	140.042
853.79	124.865
853.841	140.015
853.891	148.312
853.942	141.657
853.992	135.561
854.043	135.334
854.093	140.355
854.144	141.713
854.194	139.671
854.245	147.63
854.295	150.367
854.346	129.399
854.396	140.31
854.447	133.153
854.497	145.807
854.548	136.111
854.598	133.387
854.649	138.358
854.699	147.175
854.75	144.974
854.8	130.021
854.851	139.865
854.901	139.283
854.952	136.079
855.002	139.767
855.053	129.693
855.103	131.686
855.154	135.414
855.204	131.605
855.255	135.039
855.305	140.71
855.356	134.623
855.406	127.509
855.457	139.285
855.507	138.106
855.558	132.146
855.608	136.697
855.659	134.848
855.709	132.143
855.76	132.447
855.81	128.232
855.861	133.986
855.911	134.078
855.962	131.444
856.012	134.12
856.063	133.183
856.113	133.463
856.164	136.282
856.214	133.649
856.265	134.207
856.315	132.062
856.366	130.979
856.416	129.326
856.467	137.869
856.517	133.555
856.568	131.548
856.618	129.911
856.668	134.367
856.719	131.507
856.769	131.095
856.82	133.401
856.87	129.261
856.921	129.686
856.971	130.923
857.022	131.317
857.072	136.304
857.123	133.339
857.173	129.824
857.224	127.661
857.274	123.056
857.325	128.808
857.352	132
857.403	138
857.453	128
857.504	144
857.555	126
857.606	136
857.656	132
857.707	130
857.758	128
857.809	122
857.859	134
857.91	120
857.961	128
858.012	144
858.063	126
858.113	122
858.164	132
858.215	124
858.266	132
858.316	122
858.367	124
858.418	142
858.469	118
858.519	128
858.57	130
858.621	130
858.672	118
858.722	132
858.773	128
858.824	128
858.875	134
858.925	128
858.976	124
859.027	126
859.078	122
859.128	118
859.179	120
859.23	132
859.281	132
859.331	118
859.382	132
859.433	130
859.483	122
859.534	130
859.585	122
859.636	120
859.686	130
859.737	116
859.788	128
859.839	126
859.889	130
859.94	126
859.991	124
860.042	142
860.092	126
860.143	116
860.194	124
860.245	118
860.295	138
860.346	134
860.397	108
860.447	126
860.498	122
860.549	126
860.6	140
860.65	124
860.701	126
860.752	118
860.802	132
860.853	124
860.904	126
860.955	128
861.005	126
861.056	136
861.107	140
861.158	126
861.208	128
861.259	118
861.31	122
861.36	122
861.411	112
861.462	120
861.513	140
861.563	118
861.614	120
861.665	114
861.715	130
861.766	124
861.817	136
861.868	124
861.918	128
861.969	124
862.02	126
862.07	118
862.121	120
862.172	108
862.223	122
862.273	116
862.324	118
862.375	126
862.425	110
862.476	110
862.527	116
862.577	122
862.628	118
862.679	114
862.73	116
862.78	124
862.831	122
862.882	120
862.932	104
862.983	112
863.034	114
863.084	118
863.135	126
863.186	126
863.237	124
863.287	120
863.338	122
863.389	116
863.439	128
863.49	132
863.541	122
863.591	120
863.642	130
863.693	132
863.744	108
863.794	120
863.845	126
863.896	124
863.946	114
863.997	128
864.048	136
864.098	120
864.149	110
864.2	120
864.25	108
864.301	120
864.352	114
864.402	116
864.453	118
864.504	120
864.555	120
864.605	122
864.656	124
864.707	128
864.757	110
864.808	116
864.859	120
864.909	120
864.96	112
865.011	126
865.061	106
865.112	120
865.163	108
865.213	120
865.264	106
865.315	124
865.365	112
865.416	126
865.467	114
865.517	120
865.568	108
865.619	118
865.669	122
865.72	114
865.771	118
865.821	128
865.872	106
865.923	108
865.973	114
866.024	108
866.075	122
866.125	116
866.176	118
866.227	114
866.277	106
866.328	116
866.379	118
866.429	104
866.48	116
866.531	106
866.581	108
866.632	120
866.683	118
866.733	118
866.784	122
866.835	124
866.885	126
866.936	114
866.987	104
867.037	114
867.088	104
867.138	118
867.189	108
867.24	118
867.29	114
867.341	118
867.392	116
867.442	116
867.493	114
867.544	112
867.594	102
867.645	104
867.696	104
867.746	106
867.797	110
867.848	114
867.898	116
867.949	116
867.999	120
868.05	104
868.101	110
868.151	102
868.202	116
868.253	108
868.303	106
868.354	110
868.405	112
868.455	114
868.506	108
868.556	102
868.607	106
868.658	110
868.708	108
868.759	106
868.81	130
868.86	104
868.911	118
868.961	118
869.012	118
869.063	100
869.113	108
869.164	108
869.215	110
869.265	96
869.316	102
869.367	112
869.417	114
869.468	122
869.518	120
869.569	112
869.62	120
869.67	110
869.721	108
869.771	108
869.822	104
869.873	102
869.923	106
869.974	110
870.025	114
870.075	108
870.126	112
870.176	100
870.227	110
870.278	100
870.328	116
870.379	92
870.43	120
870.48	108
870.531	110
870.581	106
870.632	112
870.683	106
870.733	108
870.784	106
870.834	114
870.885	108
870.936	94
870.986	118
871.037	104
871.087	116
871.138	108
871.189	114
871.239	96
871.29	106
871.34	98
871.391	112
871.442	108
871.492	114
871.543	92
871.593	112
871.644	100
871.695	104
871.745	102
871.796	118
871.846	104
871.897	122
871.948	96
871.998	114
872.049	106
872.099	104
872.15	106
872.201	102
872.251	102
872.302	108
872.352	108
872.403	110
872.453	100
872.504	96
872.555	94
872.605	114
872.656	92
872.706	108
872.757	96
872.808	114
872.858	100
872.909	110
872.959	100
873.01	108
873.06	98
873.111	106
873.162	94
873.212	104
873.263	98
873.313	104
873.364	94
873.415	104
873.465	102
873.516	122
873.566	98
873.617	102
873.667	104
873.718	104
873.769	102
873.819	100
873.87	106
873.92	106
873.971	98
874.021	108
874.072	96
874.123	110
874.173	104
874.224	104
874.274	100
874.325	100
874.375	106
874.426	98
874.477	106
874.527	112
874.578	114
874.628	96
874.679	102
874.729	92
874.78	102
874.83	110
874.881	106
874.932	92
874.982	108
875.033	104
875.083	102
875.134	92
875.184	102
875.235	100
875.285	110
875.336	96
875.387	102
875.437	98
875.488	102
875.538	106
875.589	112
875.639	96
875.69	104
875.74	104
875.791	108
875.841	86
875.892	114
875.943	96
875.993	98
876.044	88
876.094	94
876.145	98
876.195	100
876.246	90
876.296	100
876.347	94
876.397	102
876.448	102
876.499	104
876.549	94
876.6	106
876.65	82
876.701	102
876.751	104
876.802	104
876.852	104
876.903	104
876.953	90
877.004	104
877.054	106
877.105	108
877.155	94
877.206	92
877.257	86
877.307	106
877.358	90
877.408	94
877.459	92
877.509	106
877.56	96
877.61	106
877.661	90
877.711	96
877.762	102
877.812	94
877.863	94
877.913	100
877.964	92
878.014	104
878.065	96
878.115	108
878.166	96
878.216	94
878.267	104
878.318	110
878.368	104
878.419	92
878.469	98
878.52	98
878.57	96
878.621	90
878.671	96
878.722	100
878.772	110
878.823	106
878.873	92
878.924	90
878.974	98
879.025	84
879.075	96
879.126	100
879.176	104
879.227	96
879.277	104
879.328	102
879.378	88
879.429	86
879.479	100
879.53	86
879.58	98
879.631	92
879.681	100
879.732	92
879.782	108
879.833	96
879.883	92
879.934	92
879.984	90
880.035	92
880.085	108
880.136	86
880.186	94
880.237	90
880.287	100
880.338	82
880.388	100
880.439	82
880.489	102
880.54	94
880.59	92
880.641	90
880.691	88
880.742	96
880.792	88
880.842	100
880.893	100
880.943	92
880.994	104
881.044	96
881.095	88
881.145	84
881.196	94
881.246	100
881.297	110
881.347	92
881.398	108
881.448	94
881.499	98
881.549	96
881.6	102
881.65	96
881.701	104
881.751	92
881.802	94
881.852	92
881.902	96
881.953	92
882.003	86
882.054	94
882.104	92
882.155	90
882.205	98
882.256	100
882.306	90
882.357	86
882.407	88
882.458	82
882.508	90
882.559	98
882.609	92
882.659	92
882.71	88
882.76	94
882.811	92
882.861	88
882.912	90
882.962	88
883.013	92
883.063	92
883.114	104
883.164	96
883.214	92
883.265	100
883.315	92
883.366	94
883.416	88
883.467	90
883.517	100
883.568	100
883.618	76
883.669	92
883.719	86
883.769	94
883.82	86
883.87	100
883.921	72
883.971	88
884.022	96
884.072	106
884.123	80
884.173	100
884.223	74
884.274	92
884.324	80
884.375	96
884.425	88
884.476	86
884.526	96
884.577	94
884.627	84
884.677	92
884.728	82
884.778	90
884.829	88
884.879	98
884.93	90
884.98	86
885.03	90
885.081	92
885.131	94
885.182	92
885.232	84
885.283	84
885.333	100
885.383	92
885.434	86
885.484	90
885.535	90
885.585	86
885.635	96
885.686	84
885.736	98
885.787	90
885.837	82
885.888	92
885.938	86
885.988	88
886.039	88
886.089	92
886.14	94
886.19	86
886.241	84
886.291	88
886.341	90
886.392	88
886.442	84
886.493	88
886.543	88
886.593	90
886.644	84
886.694	86
886.745	98
886.795	94
886.845	88
886.896	86
886.946	94
886.997	76
887.047	78
887.097	86
887.148	90
887.198	82
887.249	90
887.299	84
887.349	86
887.4	82
887.45	96
887.501	88
887.551	96
887.602	80
887.652	80
887.702	78
887.753	90
887.803	66
887.853	82
887.904	76
887.954	84
888.005	80
888.055	82
888.105	80
888.156	90
888.206	80
888.257	90
888.307	78
888.357	96
888.408	82
888.458	90
888.509	80
888.559	94
888.609	84
888.66	86
888.71	76
888.76	86
888.811	88
888.861	86
888.912	74
888.962	86
889.012	72
889.063	88
889.113	76
889.163	88
889.214	84
889.264	84
889.315	86
889.365	70
889.415	88
889.466	78
889.516	86
889.566	90
889.617	82
889.667	86
889.718	82
889.768	88
889.818	80
889.869	88
889.919	84
889.969	92
890.02	84
890.07	80
890.12	86
890.171	82
890.221	86
890.272	74
890.322	82
890.372	86
890.423	84
890.473	78
890.523	86
890.574	78
890.624	88
890.674	70
890.725	94
890.775	80
890.826	76
890.876	82
890.926	90
890.977	82
891.027	72
891.077	82
891.128	76
891.178	88
891.228	82
891.279	80
891.329	84
891.379	74
891.43	80
891.48	76
891.53	84
891.581	70
891.631	92
891.681	76
891.732	88
891.782	76
891.832	72
891.883	76
891.933	92
891.983	76
892.034	90
892.084	74
892.134	84
892.185	74
892.235	80
892.286	78
892.336	78
892.386	82
892.437	84
892.487	74
892.537	72
892.587	78
892.638	84
892.688	84
892.738	78
892.789	80
892.839	86
892.889	74
892.94	72
892.99	82
893.04	78
893.091	86
893.141	74
893.191	88
893.242	82
893.292	78
893.342	78
893.393	70
893.443	74
893.493	82
893.544	76
893.594	76
893.644	86
893.695	76
893.745	80
893.795	82
893.846	72
893.896	78
893.946	80
893.996	64
894.047	80
894.097	84
894.147	64
894.198	78
894.248	84
894.298	82
894.349	68
894.399	68
894.449	62
894.5	86
894.55	66
894.6	78
894.65	70
894.701	80
894.751	72
894.801	82
894.852	72
894.902	82
894.952	74
895.003	72
895.053	74
895.103	84
895.153	70
895.204	82
895.254	74
895.304	84
895.355	80
895.405	78
895.455	74
895.505	86
895.556	76
895.606	78
895.656	60
895.707	78
895.757	72
895.807	82
895.858	74
895.908	72
895.958	76
896.008	76
896.059	78
896.109	78
896.159	76
896.21	84
896.26	68
896.31	78
896.36	70
896.411	82
896.461	72
896.511	86
896.561	66
896.612	70
896.662	56
896.712	76
896.763	70
896.813	70
896.863	66
896.913	76
896.964	74
897.014	80
897.064	72
897.115	68
897.165	68
897.215	78
897.265	72
897.316	64
897.366	78
897.416	86
897.466	72
897.517	74
897.567	76
897.617	80
897.667	74
897.718	66
897.768	82
897.818	68
897.868	80
897.919	74
897.969	74
898.019	78
898.069	80
898.12	82
898.17	72
898.22	64
898.27	72
898.321	66
898.371	72
898.421	50
898.471	70
898.522	66
898.572	80
898.622	74
898.672	78
898.723	72
898.773	70
898.823	72
898.873	76
898.924	80
898.974	76
899.024	66
899.074	68
899.125	67
899.175	66
899.225	72
899.275	76
899.326	66
899.376	74
899.426	76
899.476	76
899.527	64
899.577	68
899.627	78
899.677	68
899.728	60
899.778	76
899.828	72
899.878	76
899.928	76
899.979	76
