520.044	38
520.097	40
520.149	42
520.201	42
520.254	34
520.306	38
520.359	36
520.411	36
520.464	30
520.516	38
520.569	42
520.621	40
520.674	38
520.726	34
520.778	38
520.831	34
520.883	32
520.936	42
520.988	38
521.041	42
521.093	36
521.146	34
521.198	38
521.25	42
521.303	40
521.355	48
521.408	46
521.46	42
521.513	40
521.565	48
521.617	38
521.67	42
521.722	36
521.775	32
521.827	40
521.88	46
521.932	44
521.984	36
522.037	38
522.089	38
522.142	34
522.194	26
522.247	40
522.299	42
522.352	36
522.404	38
522.456	40
522.509	42
522.561	36
522.614	32
522.666	40
522.719	38
522.771	38
522.823	34
522.876	44
522.928	32
522.981	28
523.033	32
523.086	40
523.138	38
523.19	34
523.243	34
523.295	42
523.348	36
523.4	40
523.453	34
523.505	40
523.557	40
523.61	36
523.662	34
523.715	40
523.767	34
523.82	34
523.872	38
523.924	34
523.977	40
524.029	36
524.082	40
524.134	42
524.186	50
524.239	40
524.291	30
524.344	40
524.396	46
524.449	40
524.501	34
524.553	40
524.606	38
524.658	46
524.711	34
524.763	38
524.815	36
524.868	40
524.92	36
524.973	46
525.025	38
525.078	38
525.13	30
525.182	40
525.235	40
525.287	44
525.34	30
525.392	34
525.444	42
525.497	40
525.549	34
525.602	38
525.654	38
525.706	44
525.759	40
525.811	28
525.864	44
525.916	42
525.969	28
526.021	40
526.073	36
526.126	40
526.178	34
526.231	38
526.283	28
526.335	40
526.388	32
526.44	32
526.493	42
526.545	40
526.597	30
526.65	32
526.702	32
526.755	42
526.807	26
526.859	36
526.912	44
526.964	34
527.017	38
527.069	32
527.121	36
527.174	38
527.226	36
527.279	38
527.331	48
527.383	44
527.436	40
527.488	34
527.54	42
527.593	34
527.645	30
527.698	26
527.75	46
527.802	30
527.855	34
527.907	32
527.96	42
528.012	38
528.064	30
528.117	28
528.169	38
528.222	32
528.274	32
528.326	26
528.379	36
528.431	40
528.484	34
528.536	30
528.588	34
528.641	38
528.693	44
528.745	26
528.798	46
528.85	38
528.903	44
528.955	32
529.007	32
529.06	40
529.112	38
529.164	30
529.217	40
529.269	42
529.322	42
529.374	34
529.426	38
529.479	36
529.531	38
529.584	34
529.636	38
529.688	40
529.741	26
529.793	20
529.845	32
529.898	36
529.95	32
530.003	34
530.055	38
530.107	46
530.16	44
530.212	36
530.264	32
530.317	50
530.369	38
530.422	40
530.474	40
530.526	36
530.579	34
530.631	28
530.683	36
530.736	40
530.788	44
530.841	36
530.893	28
530.945	44
530.998	36
531.05	30
531.102	34
531.155	40
531.207	48
531.259	32
531.312	34
531.364	42
531.417	40
531.469	34
531.521	34
531.574	36
531.626	38
531.678	48
531.731	36
531.783	46
531.835	44
531.888	30
531.94	36
531.992	46
532.045	48
532.097	38
532.15	44
532.202	46
532.254	42
532.307	40
532.359	36
532.411	36
532.464	46
532.516	48
532.568	30
532.621	56
532.673	36
532.726	44
532.778	30
532.83	44
532.883	40
532.935	42
532.987	36
533.04	44
533.092	36
533.144	40
533.197	38
533.249	34
533.301	50
533.354	36
533.406	36
533.458	34
533.511	36
533.563	44
533.615	32
533.668	50
533.72	44
533.773	36
533.825	28
533.877	38
533.93	38
533.982	50
534.034	48
534.087	44
534.139	48
534.191	44
534.244	46
534.296	44
534.348	46
534.401	46
534.453	42
534.505	34
534.558	52
534.61	42
534.662	48
534.715	46
534.767	46
534.819	46
534.872	36
534.924	44
534.976	46
535.029	46
535.081	44
535.133	42
535.186	52
535.238	48
535.29	44
535.343	38
535.395	52
535.447	46
535.5	42
535.552	46
535.604	50
535.657	42
535.709	50
535.761	46
535.814	46
535.866	42
535.918	46
535.971	40
536.023	42
536.075	46
536.128	48
536.18	46
536.232	52
536.285	42
536.337	48
536.389	46
536.442	42
536.494	46
536.546	42
536.599	40
536.651	56
536.703	42
536.755	54
536.808	38
536.86	46
536.912	46
536.965	48
537.017	38
537.069	46
537.122	38
537.174	50
537.226	38
537.279	48
537.331	44
537.383	36
537.436	42
537.488	34
537.54	46
537.593	52
537.645	42
537.697	50
537.75	40
537.802	50
537.854	46
537.906	38
537.959	46
538.011	46
538.063	42
538.116	50
538.168	48
538.22	36
538.273	40
538.325	52
538.377	56
538.43	44
538.482	46
538.534	48
538.586	48
538.639	46
538.691	34
538.743	36
538.796	42
538.848	46
538.9	42
538.953	44
539.005	52
539.057	42
539.109	46
539.162	40
539.214	40
539.266	56
539.319	48
539.371	40
539.423	52
539.476	46
539.528	44
539.58	44
539.633	52
539.685	50
539.737	36
539.789	52
539.842	58
539.894	56
539.946	52
539.999	48
540.051	48
540.103	50
540.155	48
540.208	46
540.26	64
540.312	62
540.365	54
540.417	46
540.469	52
540.521	58
540.574	44
540.626	44
540.678	56
540.731	48
540.783	62
540.835	48
540.888	42
540.94	50
540.992	54
541.044	42
541.097	56
541.149	48
541.201	56
541.254	48
541.306	52
541.358	54
541.41	46
541.463	44
541.515	48
541.567	58
541.62	66
541.672	46
541.724	58
541.776	54
541.829	50
541.881	48
541.933	56
541.985	60
542.038	60
542.09	46
542.142	44
542.195	60
542.247	58
542.299	52
542.351	44
542.404	56
542.456	56
542.508	58
542.56	44
542.613	40
542.665	46
542.717	52
542.77	46
542.822	50
542.874	48
542.926	54
542.979	54
543.031	60
543.083	54
543.135	48
543.188	52
543.24	52
543.292	62
543.344	54
543.397	52
543.449	62
543.501	52
543.554	60
543.606	54
543.658	62
543.71	52
543.763	50
543.815	54
543.867	66
543.919	58
543.972	64
544.024	58
544.076	50
544.128	70
544.181	50
544.233	52
544.285	64
544.337	56
544.39	58
544.442	58
544.494	60
544.547	62
544.599	60
544.651	56
544.703	58
544.755	62
544.808	56
544.86	64
544.912	64
544.965	58
545.017	64
545.069	58
545.121	66
545.174	56
545.226	66
545.278	50
545.33	66
545.383	68
545.435	62
545.487	66
545.539	58
545.591	66
545.644	68
545.696	58
545.748	48
545.8	58
545.853	68
545.905	56
545.957	66
546.009	62
546.062	66
546.114	62
546.166	62
546.218	72
546.271	70
546.323	62
546.375	66
546.427	62
546.48	64
546.532	58
546.584	64
546.636	72
546.689	74
546.741	62
546.793	54
546.845	70
546.898	68
546.95	62
547.002	66
547.054	68
547.106	68
547.159	74
547.211	64
547.263	70
547.315	68
547.368	70
547.42	70
547.472	76
547.524	68
547.577	66
547.629	66
547.681	84
547.733	76
547.785	82
547.838	74
547.89	80
547.942	76
547.994	68
548.047	74
548.099	80
548.151	76
548.203	72
548.255	76
548.308	82
548.36	80
548.412	74
548.464	68
548.517	68
548.569	74
548.621	76
548.673	70
548.725	68
548.778	80
548.83	82
548.882	68
548.934	76
548.987	80
549.039	76
549.091	70
549.143	86
549.195	82
549.248	74
549.3	80
549.352	86
549.404	76
549.456	80
549.509	86
549.561	90
549.613	80
549.665	76
549.718	88
549.77	86
549.822	82
549.874	88
549.926	82
549.979	82
550.031	78
550.083	90
550.135	80
550.187	78
550.24	96
550.292	102
550.344	92
550.396	100
550.448	92
550.501	100
550.553	94
550.605	86
550.657	108
550.709	100
550.762	98
550.814	86
550.866	108
550.918	96
550.97	106
551.023	102
551.075	112
551.127	110
551.179	102
551.231	114
551.284	114
551.336	124
551.388	104
551.44	94
551.492	132
551.545	142
551.597	138
551.649	146
551.701	150
551.753	160
551.806	164
551.858	144
551.91	178
551.962	182
552.014	180
552.067	206
552.119	238
552.171	258
552.223	312
552.275	390
552.327	486
552.38	804
552.432	1712
552.484	3568
552.536	6486
552.588	10240
552.641	13834
552.693	19196
552.745	19616
552.797	9122
552.849	3002
552.901	1166
552.954	706
553.006	486
553.058	360
553.11	314
553.162	262
553.215	234
553.267	204
553.319	202
553.371	182
553.423	188
553.475	156
553.528	150
553.58	142
553.632	148
553.684	134
553.736	146
553.788	130
553.841	134
553.893	140
553.945	140
553.997	106
554.049	132
554.102	126
554.154	120
554.206	118
554.258	112
554.31	118
554.362	120
554.414	112
554.467	118
554.519	106
554.571	108
554.623	114
554.675	126
554.727	118
554.78	110
554.832	114
554.884	120
554.936	130
554.988	114
555.04	104
555.093	126
555.145	104
555.197	116
555.249	114
555.301	114
555.353	110
555.406	108
555.458	122
555.51	128
555.562	116
555.614	118
555.666	122
555.719	124
555.771	116
555.823	128
555.875	120
555.927	118
555.979	122
556.031	122
556.084	118
556.136	120
556.188	142
556.24	118
556.292	122
556.344	114
556.396	122
556.449	122
556.501	130
556.553	132
556.605	126
556.657	120
556.709	122
556.762	128
556.814	134
556.866	126
556.918	132
556.97	126
557.022	140
557.074	126
557.127	128
557.179	130
557.231	136
557.283	126
557.335	142
557.387	136
557.439	134
557.492	134
557.544	136
557.596	134
557.648	134
557.7	122
557.752	130
557.804	132
557.856	148
557.909	136
557.961	124
558.013	140
558.065	130
558.117	130
558.169	138
558.221	144
558.273	136
558.326	144
558.378	142
558.43	132
558.482	136
558.534	148
558.586	144
558.638	142
558.691	148
558.743	138
558.795	146
558.847	134
558.899	148
558.951	140
559.003	142
559.055	144
559.108	152
559.16	142
559.212	160
559.264	138
559.316	152
559.368	126
559.42	140
559.472	152
559.525	150
559.577	146
559.629	152
559.681	134
559.733	154
559.785	142
559.837	162
559.889	162
559.941	168
559.994	152
560.046	156
560.098	138
560.15	154
560.202	162
560.254	154
560.306	134
560.358	166
560.41	168
560.463	162
560.515	148
560.567	148
560.619	152
560.671	170
560.723	148
560.775	158
560.827	156
560.879	174
560.932	168
560.984	154
561.036	182
561.088	164
561.14	168
561.192	156
561.244	164
561.296	168
561.348	170
561.4	180
561.453	172
561.505	178
561.557	172
561.609	170
561.661	184
561.713	156
561.765	172
561.817	160
561.869	192
561.921	172
561.974	180
562.026	180
562.078	172
562.13	182
562.182	180
562.234	178
562.286	188
562.338	184
562.39	182
562.442	186
562.494	184
562.547	186
562.599	184
562.651	186
562.703	186
562.755	182
562.807	202
562.859	196
562.911	200
562.963	198
563.015	208
563.067	220
563.12	208
563.172	202
563.224	196
563.276	194
563.328	210
563.38	214
563.432	202
563.484	190
563.536	220
563.588	230
563.64	212
563.692	212
563.744	202
563.797	216
563.849	216
563.901	212
563.953	220
564.005	204
564.057	230
564.109	238
564.161	220
564.213	208
564.265	226
564.317	210
564.369	238
564.421	232
564.474	234
564.526	220
564.578	218
564.63	220
564.682	218
564.734	230
564.786	228
564.838	222
564.89	230
564.942	216
564.994	220
565.046	226
565.098	212
565.15	224
565.202	220
565.255	234
565.307	214
565.359	234
565.411	218
565.463	238
565.515	238
565.567	228
565.619	208
565.671	210
565.723	234
565.775	238
565.827	224
565.879	244
565.931	250
565.983	240
566.035	204
566.087	234
566.139	226
566.192	238
566.244	220
566.296	240
566.348	250
566.4	252
566.452	220
566.504	248
566.556	240
566.608	234
566.66	236
566.712	258
566.764	250
566.816	238
566.868	254
566.92	246
566.972	264
567.024	236
567.076	258
567.128	252
567.18	258
567.232	240
567.285	232
567.337	256
567.389	234
567.441	230
567.493	226
567.545	250
567.597	258
567.649	256
567.701	250
567.753	258
567.805	270
567.857	266
567.909	244
567.961	262
568.013	270
568.065	256
568.117	247.95
568.169	261.72
568.221	240.12
568.273	278.891
568.325	277.061
568.377	275.12
568.429	267.48
568.481	262.156
568.533	269.142
568.585	251.809
568.637	282.951
568.69	276.052
568.742	259.5
568.794	267.167
568.846	288.276
568.898	262.857
568.95	258.368
569.002	274.892
569.054	275.362
569.106	282.478
569.158	273.82
569.21	295.001
569.262	278.244
569.314	279.108
569.366	287.966
569.418	279.188
569.47	289.805
569.522	288.115
569.574	294.886
569.626	283.986
569.678	292.999
569.73	291.698
569.782	316.614
569.834	277.222
569.886	293.932
569.938	299.455
569.99	300.991
570.042	305.024
570.094	291.943
570.146	302.42
570.198	310.409
570.25	323.796
570.302	315.599
570.354	320.78
570.406	308.205
570.458	312.63
570.51	312.624
570.562	321.077
570.614	326.835
570.666	326.89
570.718	328.52
570.77	325.843
570.822	330.313
570.874	321.91
570.926	337.612
570.978	338.649
571.03	348.192
571.082	334.045
571.134	346.934
571.186	346.583
571.238	354.153
571.29	357.263
571.342	354.797
571.394	354.155
571.446	355.95
571.498	353.925
571.55	365.249
571.602	364.796
571.654	370.71
571.706	373.156
571.758	366.822
571.81	382.424
571.862	375.025
571.914	381.97
571.966	398.865
572.018	392.933
572.07	392.013
572.122	398.1
572.174	400.814
572.226	412.97
572.278	415.803
572.33	427.002
572.382	410.671
572.434	408.199
572.486	445.582
572.538	440.681
572.59	430.312
572.642	425.508
572.694	446.268
572.746	456.283
572.798	463.232
572.85	464.347
572.902	459.927
572.954	482.752
573.006	485.367
573.058	489.025
573.11	495.725
573.162	499.885
573.214	520.46
573.266	529.896
573.312	514
573.364	520
573.416	540
573.469	556
573.521	556
573.573	544
573.625	572
573.677	580
573.73	594
573.782	592
573.834	606
573.886	618
573.938	610
573.991	618
574.043	640
574.095	628
574.147	632
574.199	618
574.252	648
574.304	656
574.356	686
574.408	698
574.46	700
574.513	734
574.565	702
574.617	742
574.669	754
574.721	776
574.774	772
574.826	784
574.878	794
574.93	778
574.982	782
575.035	816
575.087	858
575.139	824
575.191	830
575.243	852
575.296	866
575.348	868
575.4	856
575.452	874
575.504	866
575.556	848
575.609	844
575.661	828
575.713	858
575.765	856
575.817	866
575.87	880
575.922	864
575.974	842
576.026	886
576.078	828
576.131	862
576.183	850
576.235	842
576.287	848
576.339	832
576.391	822
576.444	804
576.496	832
576.548	822
576.6	830
576.652	806
576.705	794
576.757	782
576.809	726
576.861	764
576.913	762
576.965	756
577.018	756
577.07	758
577.122	718
577.174	714
577.226	712
577.279	698
577.331	688
577.383	714
577.435	678
577.487	700
577.539	660
577.592	680
577.644	686
577.696	674
577.748	650
577.8	684
577.852	666
577.905	658
577.957	624
578.009	648
578.061	662
578.113	626
578.165	632
578.218	596
578.27	622
578.322	614
578.374	600
578.426	610
578.478	594
578.531	598
578.583	610
578.635	572
578.687	628
578.739	584
578.791	608
578.844	604
578.896	594
578.948	586
579	596
579.052	592
579.104	582
579.157	584
579.209	600
579.261	582
579.313	592
579.365	612
579.417	582
579.47	608
579.522	594
579.574	568
579.626	572
579.678	586
579.73	586
579.782	602
579.835	620
579.887	590
579.939	594
579.991	590
580.043	576
580.095	588
580.148	578
580.2	588
580.252	600
580.304	584
580.356	620
580.408	586
580.46	582
580.513	588
580.565	598
580.617	580
580.669	592
580.721	600
580.773	598
580.826	602
580.878	596
580.93	584
580.982	604
581.034	588
581.086	576
581.138	600
581.191	580
581.243	600
581.295	596
581.347	604
581.399	616
581.451	634
581.503	612
581.556	608
581.608	614
581.66	622
581.712	614
581.764	600
581.816	630
581.868	622
581.92	614
581.973	592
582.025	618
582.077	624
582.129	624
582.181	622
582.233	620
582.285	626
582.338	640
582.39	626
582.442	634
582.494	638
582.546	600
582.598	630
582.65	612
582.703	638
582.755	630
582.807	618
582.859	644
582.911	666
582.963	632
583.015	632
583.067	652
583.12	652
583.172	648
583.224	654
583.276	674
583.328	674
583.38	670
583.432	650
583.484	664
583.537	666
583.589	676
583.641	656
583.693	682
583.745	702
583.797	710
583.849	686
583.901	676
583.953	708
584.006	688
584.058	722
584.11	700
584.162	696
584.214	714
584.266	702
584.318	694
584.37	698
584.423	718
584.475	712
584.527	712
584.579	756
584.631	734
584.683	744
584.735	730
584.787	708
584.839	746
584.892	738
584.944	764
584.996	768
585.048	744
585.1	760
585.152	744
585.204	738
585.256	770
585.308	768
585.361	774
585.413	790
585.465	734
585.517	782
585.569	794
585.621	768
585.673	780
585.725	782
585.777	766
585.83	788
585.882	788
585.934	786
585.986	792
586.038	804
586.09	790
586.142	810
586.194	782
586.246	830
586.298	808
586.351	820
586.403	834
586.455	804
586.507	832
586.559	790
586.611	810
586.663	816
586.715	836
586.767	816
586.819	812
586.872	828
586.924	806
586.976	850
587.028	816
587.08	830
587.132	862
587.184	822
587.236	836
587.288	806
587.34	830
587.392	828
587.445	852
587.497	844
587.549	834
587.601	856
587.653	824
587.705	842
587.757	860
587.809	842
587.861	822
587.913	840
587.965	828
588.018	836
588.07	808
588.122	850
588.174	838
588.226	842
588.278	864
588.33	850
588.382	826
588.434	868
588.486	848
588.538	880
588.59	864
588.642	836
588.695	864
588.747	874
588.799	848
588.851	848
588.903	894
588.955	890
589.007	888
589.059	894
589.111	898
589.163	852
589.215	896
589.267	864
589.319	910
589.372	896
589.424	906
589.476	924
589.528	920
589.58	876
589.632	896
589.684	860
589.736	910
589.788	888
589.84	914
589.892	894
589.944	886
589.996	910
590.048	914
590.101	880
590.153	898
590.205	890
590.257	920
590.309	880
590.361	902
590.413	888
590.465	838
590.517	890
590.569	860
590.621	870
590.673	906
590.725	876
590.777	860
590.829	858
590.881	856
590.933	864
590.986	894
591.038	878
591.09	868
591.142	874
591.194	870
591.246	890
591.298	868
591.35	872
591.402	884
591.454	836
591.506	850
591.558	848
591.61	846
591.662	854
591.714	858
591.766	874
591.818	802
591.87	840
591.923	856
591.975	846
592.027	834
592.079	860
592.131	832
592.183	822
592.235	826
592.287	814
592.339	840
592.391	834
592.443	834
592.495	826
592.547	844
592.599	822
592.651	826
592.703	864
592.755	834
592.807	854
592.859	806
592.911	824
592.963	822
593.015	846
593.068	846
593.12	832
593.172	812
593.224	832
593.276	842
593.328	822
593.38	826
593.432	828
593.484	810
593.536	838
593.588	824
593.64	850
593.692	882
593.744	800
593.796	810
593.848	842
593.9	850
593.952	868
594.004	848
594.056	870
594.108	840
594.16	842
594.212	826
594.264	818
594.316	860
594.368	860
594.42	858
594.472	836
594.524	856
594.576	832
594.628	852
594.68	840
594.732	866
594.784	866
594.837	844
594.889	848
594.941	870
594.993	868
595.045	870
595.097	860
595.149	848
595.201	858
595.253	850
595.305	860
595.357	844
595.409	878
595.461	840
595.513	880
595.565	872
595.617	870
595.669	858
595.721	886
595.773	892
595.825	892
595.877	884
595.929	918
595.981	900
596.033	916
596.085	920
596.137	898
596.189	898
596.241	912
596.293	924
596.345	918
596.397	910
596.449	924
596.501	910
596.553	918
596.605	948
596.657	954
596.709	918
596.761	938
596.813	942
596.865	934
596.917	918
596.969	934
597.021	902
597.073	912
597.125	922
597.177	918
597.229	916
597.281	908
597.333	904
597.385	918
597.437	908
597.489	920
597.541	928
597.593	894
597.645	908
597.697	912
597.749	938
597.801	902
597.853	894
597.905	900
597.957	914
598.009	900
598.061	922
598.113	854
598.165	926
598.217	916
598.269	908
598.321	920
598.373	938
598.425	944
598.477	946
598.529	930
598.581	922
598.633	906
598.685	934
598.737	946
598.789	910
598.841	906
598.893	922
598.945	902
598.997	966
599.049	900
599.101	948
599.153	932
599.205	936
599.257	926
599.309	882
599.361	954
599.413	934
599.465	914
599.517	936
599.569	910
599.62	970
599.672	950
599.724	942
599.776	942
599.828	944
599.88	916
599.932	932
599.984	948
600.036	922
600.088	894
600.14	936
600.192	932
600.244	952
600.296	904
600.348	954
600.4	928
600.452	942
600.504	946
600.556	942
600.608	948
600.66	924
600.712	940
600.764	944
600.816	920
600.868	946
600.92	914
600.972	910
601.024	922
601.076	948
601.128	916
601.18	968
601.232	944
601.284	944
601.335	920
601.387	932
601.439	972
601.491	924
601.543	930
601.595	966
601.647	942
601.699	920
601.751	924
601.803	922
601.855	930
601.907	934
601.959	922
602.011	950
602.063	940
602.115	968
602.167	916
602.219	908
602.271	940
602.323	942
602.375	952
602.427	930
602.478	964
602.53	926
602.582	916
602.634	980
602.686	974
602.738	946
602.79	942
602.842	946
602.894	960
602.946	960
602.998	954
603.05	936
603.102	968
603.154	944
603.206	972
603.258	976
603.31	980
603.362	932
603.413	968
603.465	948
603.517	952
603.569	908
603.621	986
603.673	978
603.725	982
603.777	946
603.829	952
603.881	988
603.933	970
603.985	974
604.037	958
604.089	952
604.141	980
604.193	998
604.244	964
604.296	978
604.348	970
604.4	1008
604.452	970
604.504	968
604.556	968
604.608	970
604.66	986
604.712	968
604.764	970
604.816	982
604.868	1000
604.92	984
604.971	968
605.023	946
605.075	984
605.127	966
605.179	998
605.231	988
605.283	988
605.335	952
605.387	986
605.439	1002
605.491	986
605.543	968
605.594	956
605.646	950
605.698	988
605.75	984
605.802	936
605.854	978
605.906	960
605.958	992
606.01	958
606.062	970
606.114	972
606.166	988
606.217	984
606.269	976
606.321	968
606.373	962
606.425	974
606.477	986
606.529	998
606.581	958
606.633	988
606.685	984
606.737	964
606.789	982
606.84	960
606.892	982
606.944	968
606.996	956
607.048	976
607.1	954
607.152	968
607.204	942
607.256	1000
607.308	964
607.359	986
607.411	988
607.463	956
607.515	980
607.567	998
607.619	976
607.671	982
607.723	996
607.775	966
607.827	1002
607.878	996
607.93	1000
607.982	974
608.034	988
608.086	994
608.138	962
608.19	1000
608.242	1004
608.294	976
608.345	1014
608.397	986
608.449	1000
608.501	982
608.553	1014
608.605	1006
608.657	1018
608.709	994
608.761	1016
608.812	972
608.864	1034
608.916	980
608.968	1028
609.02	1018
609.072	990
609.124	1028
609.176	988
609.228	1022
609.279	1026
609.331	996
609.383	1018
609.435	1060
609.487	1028
609.539	1000
609.591	1014
609.643	1014
609.694	1012
609.746	1028
609.798	996
609.85	1024
609.902	1040
609.954	980
610.006	1040
610.058	1024
610.109	1006
610.161	1010
610.213	1010
610.265	1066
610.317	1042
610.369	1030
610.421	1060
610.473	1022
610.524	1026
610.576	994
610.628	1006
610.68	1012
610.732	1024
610.784	1040
610.836	1046
610.887	1030
610.939	1020
610.991	1038
611.043	992
611.095	1072
611.147	1068
611.199	1058
611.25	1026
611.302	1032
611.354	1018
611.406	1020
611.458	992
611.51	1046
611.562	1060
611.614	1048
611.665	1040
611.717	1086
611.769	1044
611.821	998
611.873	1014
611.925	1042
611.977	1046
612.028	1078
612.08	1080
612.132	1046
612.184	1060
612.236	1080
612.288	1064
612.339	1048
612.391	1064
612.443	1040
612.495	1072
612.547	1046
612.599	1054
612.651	1046
612.702	1058
612.754	1086
612.806	1056
612.858	1080
612.91	1050
612.962	1080
613.013	1076
613.065	1080
613.117	1044
613.169	1084
613.221	1088
613.273	1104
613.325	1036
613.376	1076
613.428	1072
613.48	1082
613.532	1048
613.584	1120
613.635	1086
613.687	1092
613.739	1104
613.791	1082
613.843	1134
613.895	1110
613.947	1078
613.998	1094
614.05	1126
614.102	1108
614.154	1106
614.206	1110
614.258	1112
614.309	1126
614.361	1092
614.413	1112
614.465	1102
614.517	1078
614.568	1132
614.62	1144
614.672	1114
614.724	1086
614.776	1130
614.828	1144
614.879	1122
614.931	1126
614.983	1128
615.035	1128
615.087	1146
615.139	1108
615.19	1128
615.242	1114
615.294	1150
615.346	1122
615.398	1136
615.449	1140
615.501	1114
615.553	1096
615.605	1114
615.657	1164
615.709	1132
615.76	1162
615.812	1152
615.864	1136
615.916	1152
615.968	1150
616.019	1125.99
616.071	1176.54
616.123	1162.69
616.175	1197.15
616.227	1180.41
616.278	1159.6
616.33	1180.73
616.382	1198.13
616.434	1147.89
616.486	1177.57
616.537	1174.9
616.589	1162.61
616.641	1178.43
616.693	1144.18
616.745	1140.35
616.797	1164.07
616.848	1153.01
616.9	1151.63
616.952	1156.02
617.004	1168.72
617.056	1154.34
617.107	1171.98
617.159	1153.37
617.211	1158.34
617.263	1158.84
617.315	1166.05
617.366	1164.42
617.418	1178.44
617.47	1189.96
617.522	1200.59
617.573	1190.99
617.625	1175.4
617.677	1171.21
617.729	1137.88
617.781	1192.09
617.832	1201.14
617.884	1141.47
617.936	1182.98
617.988	1169.36
618.04	1168.46
618.091	1187.87
618.143	1178.39
618.195	1162.84
618.247	1179.65
618.299	1185.77
618.35	1172.95
618.402	1192.93
618.454	1181.69
618.506	1181.01
618.557	1201.07
618.609	1205.59
618.661	1198.28
618.713	1175.08
618.765	1175.95
618.816	1197.92
618.868	1203.42
618.92	1185.45
618.972	1175
619.023	1192.88
619.075	1169.87
619.127	1188.56
619.179	1200.43
619.231	1208.98
619.282	1204.51
619.334	1221.19
619.386	1209.84
619.438	1217.19
619.49	1209.76
619.541	1195.42
619.593	1198.83
619.645	1192.02
619.697	1207.18
619.748	1201.6
619.8	1198.37
619.852	1200.18
619.904	1205.27
619.955	1187.89
620.007	1189.77
620.059	1192.23
620.111	1187.51
620.162	1188.91
620.214	1220.86
620.266	1189.17
620.318	1182.13
620.37	1189.72
620.421	1200.94
620.473	1198.67
620.525	1216.29
620.577	1212.56
620.628	1226.07
620.68	1218.34
620.732	1205.88
620.784	1213.66
620.835	1198.83
620.887	1189.69
620.939	1193.55
620.991	1180.27
621.042	1200.4
621.094	1211.11
621.146	1207.48
621.198	1205.26
621.249	1190.66
621.269	1182
621.321	1190
621.373	1246
621.425	1212
621.477	1180
621.529	1196
621.581	1204
621.633	1208
621.685	1212
621.737	1224
621.789	1238
621.841	1210
621.893	1182
621.945	1214
621.997	1214
622.049	1202
622.101	1218
622.153	1196
622.205	1184
622.257	1204
622.309	1212
622.361	1228
622.413	1196
622.465	1212
622.517	1242
622.569	1222
622.621	1208
622.673	1174
622.725	1226
622.776	1228
622.828	1216
622.88	1198
622.932	1188
622.984	1210
623.036	1226
623.088	1172
623.14	1244
623.192	1216
623.244	1236
623.296	1216
623.348	1216
623.4	1210
623.452	1218
623.504	1218
623.556	1216
623.608	1216
623.66	1224
623.712	1212
623.764	1226
623.816	1228
623.868	1212
623.92	1198
623.972	1188
624.024	1240
624.076	1246
624.128	1226
624.18	1226
624.232	1218
624.284	1216
624.336	1232
624.388	1244
624.44	1242
624.492	1204
624.544	1204
624.596	1212
624.648	1184
624.699	1208
624.751	1254
624.803	1214
624.855	1232
624.907	1238
624.959	1260
625.011	1214
625.063	1272
625.115	1270
625.167	1218
625.219	1232
625.271	1246
625.323	1246
625.375	1228
625.427	1238
625.479	1272
625.531	1250
625.583	1262
625.635	1262
625.687	1248
625.739	1290
625.791	1272
625.843	1244
625.895	1222
625.946	1258
625.998	1260
626.05	1242
626.102	1268
626.154	1246
626.206	1248
626.258	1236
626.31	1260
626.362	1246
626.414	1286
626.466	1222
626.518	1278
626.57	1258
626.622	1256
626.674	1252
626.726	1274
626.778	1268
626.83	1244
626.882	1242
626.934	1264
626.985	1280
627.037	1242
627.089	1270
627.141	1264
627.193	1242
627.245	1260
627.297	1314
627.349	1260
627.401	1260
627.453	1284
627.505	1248
627.557	1282
627.609	1268
627.661	1292
627.713	1242
627.765	1294
627.817	1302
627.868	1280
627.92	1298
627.972	1298
628.024	1274
628.076	1300
628.128	1272
628.18	1276
628.232	1282
628.284	1300
628.336	1272
628.388	1254
628.44	1278
628.492	1290
628.544	1306
628.596	1302
628.647	1274
628.699	1316
628.751	1324
628.803	1292
628.855	1242
628.907	1292
628.959	1300
629.011	1298
629.063	1286
629.115	1342
629.167	1316
629.219	1306
629.271	1324
629.322	1312
629.374	1320
629.426	1310
629.478	1320
629.53	1328
629.582	1304
629.634	1294
629.686	1334
629.738	1334
629.79	1302
629.842	1302
629.894	1328
629.945	1316
629.997	1338
630.049	1312
630.101	1316
630.153	1326
630.205	1354
630.257	1336
630.309	1312
630.361	1358
630.413	1330
630.465	1322
630.517	1354
630.568	1350
630.62	1320
630.672	1310
630.724	1342
630.776	1342
630.828	1328
630.88	1320
630.932	1334
630.984	1322
631.036	1346
631.088	1330
631.14	1336
631.191	1360
631.243	1338
631.295	1312
631.347	1316
631.399	1364
631.451	1360
631.503	1334
631.555	1322
631.607	1370
631.659	1368
631.71	1348
631.762	1344
631.814	1378
631.866	1386
631.918	1342
631.97	1380
632.022	1388
632.074	1356
632.126	1378
632.178	1382
632.229	1390
632.281	1420
632.333	1400
632.385	1382
632.437	1396
632.489	1418
632.541	1360
632.593	1360
632.645	1352
632.696	1402
632.748	1412
632.8	1422
632.852	1396
632.904	1374
632.956	1400
633.008	1388
633.06	1378
633.112	1440
633.164	1424
633.215	1420
633.267	1414
633.319	1400
633.371	1412
633.423	1444
633.475	1422
633.527	1440
633.579	1444
633.63	1400
633.682	1396
633.734	1458
633.786	1432
633.838	1404
633.89	1450
633.942	1434
633.994	1464
634.046	1458
634.097	1458
634.149	1450
634.201	1466
634.253	1476
634.305	1448
634.357	1490
634.409	1454
634.461	1436
634.512	1486
634.564	1474
634.616	1464
634.668	1470
634.72	1516
634.772	1496
634.824	1484
634.876	1484
634.927	1504
634.979	1514
635.031	1494
635.083	1508
635.135	1522
635.187	1558
635.239	1502
635.291	1516
635.342	1496
635.394	1560
635.446	1526
635.498	1534
635.55	1558
635.602	1556
635.654	1562
635.705	1586
635.757	1584
635.809	1536
635.861	1640
635.913	1596
635.965	1624
636.017	1624
636.068	1648
636.12	1668
636.172	1602
636.224	1608
636.276	1622
636.328	1674
636.38	1690
636.431	1680
636.483	1674
636.535	1692
636.587	1684
636.639	1728
636.691	1708
636.743	1722
636.794	1732
636.846	1738
636.898	1766
636.95	1756
637.002	1770
637.054	1830
637.106	1768
637.157	1828
637.209	1794
637.261	1816
637.313	1798
637.365	1846
637.417	1790
637.469	1804
637.52	1818
637.572	1848
637.624	1822
637.676	1806
637.728	1782
637.78	1816
637.831	1824
637.883	1822
637.935	1836
637.987	1818
638.039	1818
638.091	1818
638.143	1848
638.194	1826
638.246	1848
638.298	1868
638.35	1820
638.402	1842
638.454	1824
638.505	1810
638.557	1810
638.609	1830
638.661	1782
638.713	1784
638.765	1810
638.816	1792
638.868	1756
638.92	1792
638.972	1822
639.024	1744
639.076	1784
639.127	1750
639.179	1762
639.231	1736
639.283	1762
639.335	1724
639.387	1720
639.438	1764
639.49	1700
639.542	1716
639.594	1702
639.646	1712
639.698	1720
639.749	1712
639.801	1714
639.853	1694
639.905	1696
639.957	1684
640.008	1702
640.06	1692
640.112	1704
640.164	1670
640.216	1708
640.268	1694
640.319	1666
640.371	1686
640.423	1710
640.475	1652
640.527	1672
640.578	1642
640.63	1680
640.682	1662
640.734	1680
640.786	1650
640.838	1678
640.889	1648
640.941	1632
640.993	1636
641.045	1616
641.097	1658
641.148	1626
641.2	1646
641.252	1626
641.304	1634
641.356	1608
641.408	1656
641.459	1638
641.511	1650
641.563	1608
641.615	1642
641.667	1640
641.718	1618
641.77	1618
641.822	1624
641.874	1658
641.926	1660
641.977	1648
642.029	1616
642.081	1642
642.133	1604
642.185	1656
642.236	1662
642.288	1654
642.34	1592
642.392	1638
642.444	1702
642.495	1628
642.547	1660
642.599	1610
642.651	1636
642.703	1682
642.754	1658
642.806	1654
642.858	1624
642.91	1668
642.962	1678
643.013	1644
643.065	1656
643.117	1676
643.169	1692
643.221	1642
643.272	1620
643.324	1636
643.376	1656
643.428	1660
643.479	1666
643.531	1590
643.583	1666
643.635	1684
643.687	1654
643.738	1682
643.79	1692
643.842	1656
643.894	1656
643.946	1618
643.997	1656
644.049	1666
644.101	1682
644.153	1666
644.205	1660
644.256	1684
644.308	1652
644.36	1624
644.412	1662
644.463	1672
644.515	1658
644.567	1662
644.619	1648
644.671	1626
644.722	1628
644.774	1678
644.826	1680
644.878	1634
644.929	1668
644.981	1670
645.033	1684
645.085	1664
645.136	1670
645.188	1668
645.24	1670
645.292	1686
645.344	1700
645.395	1686
645.447	1680
645.499	1700
645.551	1674
645.602	1674
645.654	1686
645.706	1688
645.758	1690
645.81	1678
645.861	1660
645.913	1686
645.965	1708
646.017	1676
646.068	1686
646.12	1698
646.172	1676
646.224	1642
646.275	1690
646.327	1698
646.379	1674
646.431	1704
646.482	1690
646.534	1720
646.586	1728
646.638	1678
646.689	1688
646.741	1688
646.793	1672
646.845	1686
646.896	1712
646.948	1724
647	1700
647.052	1750
647.104	1698
647.155	1706
647.207	1718
647.259	1682
647.31	1750
647.362	1724
647.414	1708
647.466	1712
647.518	1684
647.569	1714
647.621	1736
647.673	1700
647.724	1722
647.776	1718
647.828	1746
647.88	1726
647.931	1716
647.983	1714
648.035	1698
648.087	1690
648.138	1738
648.19	1728
648.242	1734
648.294	1702
648.345	1680
648.397	1738
648.449	1728
648.501	1742
648.552	1708
648.604	1770
648.656	1748
648.708	1716
648.759	1766
648.811	1710
648.863	1754
648.915	1744
648.966	1732
649.018	1716
649.07	1778
649.121	1764
649.173	1770
649.225	1772
649.277	1706
649.328	1734
649.38	1724
649.432	1734
649.484	1774
649.535	1786
649.587	1782
649.639	1734
649.69	1756
649.742	1782
649.794	1778
649.846	1802
649.897	1778
649.949	1760
650.001	1742
650.053	1806
650.104	1836
650.156	1780
650.208	1748
650.259	1796
650.311	1744
650.363	1792
650.415	1752
650.466	1778
650.518	1802
650.57	1806
650.621	1804
650.673	1774
650.725	1758
650.777	1776
650.828	1806
650.88	1786
650.932	1810
650.984	1828
651.035	1770
651.087	1812
651.139	1822
651.19	1784
651.242	1812
651.294	1838
651.345	1774
651.397	1800
651.449	1820
651.501	1794
651.552	1820
651.604	1830
651.656	1818
651.707	1828
651.759	1806
651.811	1842
651.863	1804
651.914	1794
651.966	1828
652.018	1834
652.069	1788
652.121	1836
652.173	1818
652.224	1782
652.276	1870
652.328	1866
652.38	1830
652.431	1826
652.483	1858
652.535	1872
652.586	1892
652.638	1846
652.69	1858
652.741	1878
652.793	1854
652.845	1838
652.897	1900
652.948	1838
653	1882
653.052	1864
653.103	1854
653.155	1826
653.207	1882
653.258	1894
653.31	1888
653.362	1828
653.413	1868
653.465	1880
653.517	1902
653.568	1866
653.62	1906
653.672	1916
653.724	1878
653.775	1864
653.827	1892
653.879	1912
653.93	1862
653.982	1884
654.034	1920
654.085	1912
654.137	1928
654.189	1900
654.24	1890
654.292	1922
654.344	1962
654.395	1918
654.447	1888
654.499	1906
654.55	1922
654.602	1894
654.654	1976
654.705	1962
654.757	1890
654.809	1958
654.86	1956
654.912	1940
654.964	1994
655.016	1960
655.067	1964
655.119	1966
655.17	1920
655.222	1936
655.274	1918
655.326	1958
655.377	1978
655.429	1980
655.481	2004
655.532	1968
655.584	1976
655.635	1948
655.687	2012
655.739	2010
655.79	1986
655.842	2002
655.894	1952
655.945	1982
655.997	2002
656.049	1966
656.1	1988
656.152	2050
656.204	2028
656.255	2044
656.307	2060
656.359	2052
656.41	2018
656.462	1998
656.514	2014
656.565	2036
656.617	2032
656.669	1986
656.72	2034
656.772	2074
656.824	2026
656.875	2036
656.927	2062
656.979	2044
657.03	2090
657.082	2070
657.134	2018
657.185	2032
657.237	2088
657.288	2086
657.34	2050
657.392	2066
657.443	2096
657.495	2114
657.547	2126
657.598	2024
657.65	2130
657.702	2098
657.753	2094
657.805	2082
657.857	2044
657.908	2042
657.96	2060
658.011	2060
658.063	2074
658.115	2046
658.166	2052
658.218	2106
658.27	2122
658.321	2098
658.373	2112
658.425	2106
658.476	2096
658.528	2068
658.579	2048
658.631	2130
658.683	2108
658.734	2100
658.786	2134
658.838	2122
658.889	2118
658.941	2136
658.992	2134
659.044	2118
659.096	2114
659.147	2040
659.199	2120
659.251	2084
659.302	2092
659.354	2132
659.406	2088
659.457	2102
659.509	2102
659.56	2090
659.612	2092
659.664	2090
659.715	2134
659.767	2138
659.818	2096
659.87	2130
659.922	2090
659.973	2020
660.025	2108
660.077	2108
660.128	2130
660.18	2128
660.231	2066
660.283	2080
660.335	2072
660.386	2088
660.438	2078
660.49	2064
660.541	2080
660.593	2088
660.644	2140
660.696	2088
660.748	2148
660.799	2092
660.851	2066
660.902	2094
660.954	2058
661.006	2096
661.057	2088
661.109	2050
661.16	2118
661.212	2058
661.264	2126
661.315	2126
661.367	2074
661.418	2104
661.47	2090
661.522	2082
661.573	2068
661.625	2112
661.676	2094
661.728	2108
661.78	2120
661.831	2114
661.883	2118
661.934	2088
661.986	2100
662.038	2052
662.089	2078
662.141	2092
662.192	2094
662.244	2124
662.296	2078
662.347	2080
662.399	2092
662.45	2060
662.502	2080
662.554	2092
662.605	2086
662.657	2084
662.708	2118
662.76	2072
662.811	2082
662.863	2066
662.915	2100
662.966	2068
663.018	2094
663.069	2144
663.121	2078
663.173	2122
663.224	2082
663.276	2104
663.327	2106
663.379	2092
663.43	2096
663.482	2084
663.534	2102
663.585	2094
663.637	2128
663.688	2114
663.74	2098.13
663.792	2063.35
663.843	2114.34
663.895	2135.05
663.946	2071.51
663.998	2073.79
664.049	2076.46
664.101	2090.34
664.153	2071.15
664.204	2077.93
664.256	2077.63
664.307	2132.55
664.359	2059.98
664.41	2051.66
664.462	2082.77
664.513	2115.39
664.565	2121.51
664.617	2091.58
664.668	2084.73
664.72	2089.61
664.771	2127.13
664.823	2092.39
664.874	2095.69
664.926	2131.98
664.978	2106.67
665.029	2090.58
665.081	2123.79
665.132	2102.75
665.184	2121.41
665.235	2104.71
665.287	2103.45
665.339	2083.33
665.39	2090.27
665.442	2128.16
665.493	2084.49
665.545	2076.78
665.596	2084.99
665.648	2078.42
665.699	2079.21
665.751	2093.48
665.802	2094.33
665.854	2087.4
665.906	2083.24
665.957	2087.48
666.009	2071.65
666.06	2088.94
666.112	2089.04
666.163	2055.47
666.215	2093.48
666.266	2096.81
666.318	2087.23
666.37	2067.72
666.421	2114.21
666.473	2070.08
666.524	2093.42
666.576	2088.04
666.627	2069.19
666.679	2068.07
666.73	2082.75
666.782	2103.32
666.833	2114.34
666.885	2098.08
666.937	2077.81
666.988	2120.37
667.04	2101.18
667.091	2074.56
667.143	2080.11
667.194	2069.74
667.246	2086.67
667.297	2082.3
667.349	2108.18
667.4	2085.03
667.452	2070.82
667.503	2084.19
667.555	2092.74
667.607	2079.51
667.658	2079.49
667.71	2082.54
667.761	2089.25
667.813	2107.91
667.864	2088.9
667.916	2068.31
667.967	2060.02
668.019	2077.12
668.07	2087.05
668.122	2080.36
668.173	2095.02
668.225	2063.88
668.276	2057.19
668.328	2058.42
668.379	2077.16
668.431	2125.51
668.482	2093.9
668.534	2093.36
668.586	2118.54
668.637	2078.79
668.689	2077.5
668.74	2070.01
668.792	2062.97
668.843	2040.43
668.895	2123.63
668.935	2088
668.987	2086
669.038	2074
669.09	2106
669.142	2108
669.194	2072
669.245	2112
669.297	2074
669.349	2054
669.401	2090
669.453	2112
669.504	2102
669.556	2108
669.608	2042
669.66	2088
669.711	2080
669.763	2056
669.815	2042
669.867	2080
669.918	2094
669.97	2100
670.022	2084
670.074	2138
670.125	2046
670.177	2054
670.229	2106
670.281	2112
670.332	2054
670.384	2092
670.436	2066
670.488	2096
670.539	2066
670.591	2106
670.643	2062
670.695	2084
670.747	2116
670.798	2056
670.85	2090
670.902	2106
670.953	2094
671.005	2112
671.057	2090
671.109	2032
671.161	2076
671.212	2058
671.264	2104
671.316	2046
671.367	2070
671.419	2090
671.471	2066
671.523	2060
671.575	2030
671.626	2062
671.678	2104
671.73	2096
671.781	2022
671.833	2050
671.885	2070
671.937	2088
671.988	2092
672.04	2032
672.092	2084
672.144	2090
672.195	2090
672.247	2084
672.299	2066
672.351	2072
672.402	2072
672.454	2066
672.506	2132
672.558	2128
672.609	2090
672.661	2070
672.713	2088
672.765	2048
672.816	2054
672.868	2090
672.92	2068
672.971	2090
673.023	2044
673.075	2072
673.127	2114
673.178	2118
673.23	2064
673.282	2062
673.334	2110
673.385	2096
673.437	2054
673.489	2092
673.54	2152
673.592	2126
673.644	2126
673.696	2116
673.747	2066
673.799	2074
673.851	2124
673.903	2120
673.954	2076
674.006	2102
674.058	2120
674.109	2100
674.161	2142
674.213	2098
674.265	2104
674.316	2106
674.368	2152
674.42	2142
674.471	2094
674.523	2106
674.575	2086
674.627	2142
674.678	2124
674.73	2124
674.782	2122
674.833	2120
674.885	2162
674.937	2108
674.989	2120
675.04	2114
675.092	2150
675.144	2112
675.195	2162
675.247	2112
675.299	2148
675.351	2198
675.402	2166
675.454	2184
675.506	2138
675.557	2144
675.609	2120
675.661	2138
675.713	2166
675.764	2168
675.816	2126
675.868	2174
675.919	2150
675.971	2134
676.023	2154
676.074	2182
676.126	2192
676.178	2154
676.23	2138
676.281	2110
676.333	2152
676.385	2138
676.436	2184
676.488	2146
676.54	2168
676.591	2118
676.643	2150
676.695	2118
676.747	2152
676.798	2096
676.85	2100
676.902	2128
676.953	2110
677.005	2176
677.057	2166
677.108	2174
677.16	2128
677.212	2126
677.263	2170
677.315	2136
677.367	2158
677.419	2140
677.47	2166
677.522	2172
677.574	2156
677.625	2178
677.677	2090
677.729	2174
677.78	2184
677.832	2172
677.884	2162
677.935	2174
677.987	2120
678.039	2170
678.091	2146
678.142	2136
678.194	2122
678.246	2182
678.297	2160
678.349	2166
678.401	2154
678.452	2130
678.504	2078
678.556	2148
678.607	2146
678.659	2180
678.711	2118
678.762	2176
678.814	2150
678.866	2184
678.917	2122
678.969	2140
679.021	2166
679.072	2094
679.124	2134
679.176	2126
679.227	2166
679.279	2136
679.331	2154
679.382	2134
679.434	2162
679.486	2110
679.537	2194
679.589	2102
679.641	2130
679.692	2138
679.744	2170
679.796	2180
679.847	2140
679.899	2176
679.951	2170
680.003	2152
680.054	2132
680.106	2122
680.157	2174
680.209	2154
680.261	2084
680.312	2138
680.364	2126
680.416	2176
680.467	2154
680.519	2158
680.571	2188
680.622	2176
680.674	2160
680.726	2176
680.777	2164
680.829	2170
680.881	2192
680.932	2166
680.984	2140
681.036	2220
681.087	2148
681.139	2104
681.191	2180
681.242	2150
681.294	2134
681.346	2156
681.397	2176
681.449	2168
681.501	2150
681.552	2170
681.604	2148
681.656	2172
681.707	2116
681.759	2146
681.81	2166
681.862	2126
681.914	2156
681.965	2208
682.017	2208
682.069	2198
682.12	2142
682.172	2184
682.224	2218
682.275	2220
682.327	2174
682.379	2174
682.43	2172
682.482	2210
682.533	2176
682.585	2158
682.637	2180
682.688	2168
682.74	2150
682.792	2174
682.843	2178
682.895	2172
682.947	2202
682.998	2188
683.05	2176
683.102	2186
683.153	2192
683.205	2214
683.256	2174
683.308	2194
683.36	2160
683.411	2230
683.463	2186
683.515	2148
683.566	2160
683.618	2222
683.669	2192
683.721	2210
683.773	2148
683.824	2180
683.876	2174
683.928	2186
683.979	2170
684.031	2152
684.082	2182
684.134	2200
684.186	2170
684.237	2166
684.289	2136
684.341	2206
684.392	2136
684.444	2190
684.495	2140
684.547	2222
684.599	2142
684.65	2142
684.702	2154
684.754	2186
684.805	2140
684.857	2166
684.908	2114
684.96	2132
685.012	2166
685.063	2170
685.115	2128
685.166	2132
685.218	2130
685.27	2114
685.321	2086
685.373	2174
685.424	2164
685.476	2112
685.528	2076
685.579	2120
685.631	2110
685.683	2220
685.734	2112
685.786	2140
685.837	2156
685.889	2138
685.941	2108
685.992	2100
686.044	2156
686.095	2126
686.147	2140
686.199	2160
686.25	2146
686.302	2106
686.353	2122
686.405	2166
686.457	2180
686.508	2132
686.56	2110
686.611	2116
686.663	2118
686.715	2142
686.766	2152
686.818	2086
686.869	2142
686.921	2074
686.973	2080
687.024	2056
687.076	2124
687.127	2132
687.179	2096
687.231	2116
687.282	2084
687.334	2118
687.385	2112
687.437	2106
687.489	2144
687.54	2042
687.592	2096
687.643	2104
687.695	2070
687.747	2114
687.798	2064
687.85	2142
687.901	2104
687.953	2094
688.004	2062
688.056	2072
688.108	2098
688.159	2126
688.211	2122
688.262	2076
688.314	2106
688.366	2044
688.417	2088
688.469	2080
688.52	2094
688.572	2090
688.623	2092
688.675	2076
688.727	2092
688.778	2050
688.83	2110
688.881	2096
688.933	2100
688.984	2078
689.036	2086
689.088	2110
689.139	2122
689.191	2110
689.242	2116
689.294	2090
689.346	2162
689.397	2122
689.449	2068
689.5	2086
689.552	2116
689.603	2130
689.655	2084
689.706	2104
689.758	2066
689.81	2072
689.861	2116
689.913	2094
689.964	2094
690.016	2096
690.067	2114
690.119	2072
690.171	2104
690.222	2082
690.274	2138
690.325	2060
690.377	2058
690.428	2124
690.48	2080
690.531	2072
690.583	2036
690.635	2092
690.686	2066
690.738	2058
690.789	2084
690.841	2054
690.892	2054
690.944	2090
690.996	2046
691.047	2026
691.099	2028
691.15	2098
691.202	2046
691.253	2038
691.305	2084
691.356	2016
691.408	2060
691.459	2046
691.511	2082
691.563	2026
691.614	2054
691.666	2004
691.717	2064
691.769	2062
691.82	2074
691.872	2022
691.923	2026
691.975	2038
692.026	2048
692.078	2054
692.13	2040
692.181	2034
692.233	2056
692.284	2028
692.336	2034
692.387	1996
692.439	2008
692.49	2054
692.542	1966
692.593	2036
692.645	1998
692.697	2014
692.748	2002
692.8	2006
692.851	2038
692.903	2042
692.954	2036
693.006	2056
693.057	2046
693.109	2000
693.16	2042
693.212	1996
693.263	1998
693.315	2022
693.366	2014
693.418	2032
693.47	1986
693.521	1984
693.573	2000
693.624	2014
693.676	1962
693.727	2030
693.779	2010
693.83	2016
693.882	1992
693.933	2002
693.985	2002
694.036	1978
694.088	1976
694.139	1992
694.191	2002
694.242	1988
694.294	2002
694.345	1966
694.397	1966
694.448	2022
694.5	1938
694.552	2002
694.603	2024
694.655	1998
694.706	1986
694.758	1980
694.809	2028
694.861	1976
694.912	1970
694.964	2026
695.015	1964
695.067	2022
695.118	1968
695.17	1976
695.221	1998
695.273	1954
695.324	1958
695.376	1970
695.427	1960
695.479	1982
695.53	1996
695.582	1984
695.633	1966
695.685	1952
695.736	1978
695.788	1994
695.839	1986
695.891	1916
695.942	2000
695.994	1962
696.045	1980
696.097	1972
696.148	1940
696.2	1904
696.251	1932
696.303	1954
696.354	1966
696.406	1934
696.457	1994
696.509	1946
696.56	2002
696.612	1928
696.663	1918
696.715	1976
696.766	1948
696.818	1950
696.869	1998
696.921	1946
696.972	1996
697.024	1888
697.075	1942
697.127	1910
697.178	1952
697.23	1916
697.281	1952
697.333	1944
697.384	1916
697.436	1964
697.487	1914
697.539	1926
697.59	1948
697.642	1924
697.693	1920
697.745	1960
697.796	1920
697.847	1926
697.899	1866
697.95	1930
698.002	1894
698.053	1934
698.105	1930
698.156	1932
698.208	1934
698.259	1916
698.311	1914
698.362	1976
698.414	1910
698.465	1844
698.517	1922
698.568	1894
698.62	1906
698.671	1838
698.723	1904
698.774	1856
698.826	1878
698.877	1896
698.928	1900
698.98	1832
699.031	1940
699.083	1878
699.134	1882
699.186	1900
699.237	1920
699.289	1846
699.34	1872
699.392	1858
699.443	1888
699.495	1898
699.546	1794
699.598	1860
699.649	1906
699.7	1854
699.752	1874
699.803	1896
699.855	1850
699.906	1864
699.958	1886
700.009	1852
700.061	1892
700.112	1880
700.164	1830
700.215	1898
700.266	1882
700.318	1896
700.369	1916
700.421	1874
700.472	1830
700.524	1872
700.575	1794
700.627	1842
700.678	1852
700.73	1852
700.781	1844
700.832	1872
700.884	1920
700.935	1924
700.987	1828
701.038	1880
701.09	1876
701.141	1900
701.193	1828
701.244	1898
701.295	1886
701.347	1890
701.398	1884
701.45	1834
701.501	1874
701.553	1896
701.604	1892
701.656	1852
701.707	1872
701.758	1878
701.81	1884
701.861	1880
701.913	1890
701.964	1880
702.016	1894
702.067	1914
702.119	1872
702.17	1888
702.221	1858
702.273	1850
702.324	1918
702.376	1846
702.427	1908
702.479	1846
702.53	1894
702.581	1890
702.633	1890
702.684	1878
702.736	1892
702.787	1888
702.839	1922
702.89	1876
702.941	1868
702.993	1904
703.044	1862
703.096	1906
703.147	1880
703.199	1860
703.25	1896
703.301	1868
703.353	1878
703.404	1882
703.456	1896
703.507	1900
703.558	1884
703.61	1878
703.661	1850
703.713	1864
703.764	1884
703.816	1878
703.867	1874
703.918	1888
703.97	1864
704.021	1866
704.073	1878
704.124	1878
704.175	1888
704.227	1896
704.278	1890
704.33	1838
704.381	1902
704.432	1880
704.484	1902
704.535	1878
704.587	1806
704.638	1868
704.69	1842
704.741	1850
704.792	1882
704.844	1896
704.895	1860
704.947	1930
704.998	1854
705.049	1824
705.101	1896
705.152	1866
705.204	1830
705.255	1812
705.306	1814
705.358	1862
705.409	1830
705.461	1874
705.512	1852
705.563	1852
705.615	1842
705.666	1840
705.718	1894
705.769	1852
705.82	1820
705.872	1798
705.923	1808
705.974	1860
706.026	1798
706.077	1788
706.129	1806
706.18	1868
706.231	1782
706.283	1874
706.334	1828
706.386	1776
706.437	1800
706.488	1784
706.54	1864
706.591	1812
706.643	1838
706.694	1834
706.745	1800
706.797	1834
706.848	1816
706.899	1814
706.951	1810
707.002	1814
707.054	1828
707.105	1778
707.156	1800
707.208	1816
707.259	1802
707.31	1806
707.362	1806
707.413	1822
707.465	1792
707.516	1804
707.567	1804
707.619	1832
707.67	1780
707.721	1794
707.773	1832
707.824	1788
707.876	1808
707.927	1810
707.978	1802
708.03	1804
708.081	1786
708.132	1806
708.184	1828
708.235	1806
708.287	1770
708.338	1802
708.389	1808
708.441	1790
708.492	1780
708.543	1780
708.595	1870
708.646	1850
708.697	1786
708.749	1804
708.8	1790
708.852	1812
708.903	1806
708.954	1798
709.006	1836
709.057	1758
709.108	1816
709.16	1808
709.211	1740
709.262	1860
709.314	1810
709.365	1810
709.416	1774
709.468	1782
709.519	1794
709.57	1760
709.622	1832
709.673	1798
709.725	1824
709.776	1776
709.827	1786
709.879	1842
709.93	1814
709.981	1788
710.033	1862
710.084	1816
710.135	1786
710.187	1818
710.238	1838
710.289	1818
710.341	1768
710.392	1840
710.443	1766
710.495	1834
710.546	1768
710.597	1794
710.649	1828
710.7	1816
710.751	1764
710.803	1814
710.854	1806
710.905	1750
710.957	1816
711.008	1770
711.059	1816
711.111	1810
711.162	1818
711.213	1814
711.265	1869.97
711.316	1832.34
711.367	1820.02
711.419	1805.11
711.47	1824.81
711.521	1821.83
711.573	1808.67
711.624	1792.23
711.675	1759.44
711.727	1796.78
711.778	1813.14
711.829	1733.2
711.881	1798.5
711.932	1779.26
711.983	1775.84
712.035	1808.98
712.086	1776.95
712.137	1817.54
712.189	1831.2
712.24	1775.27
712.291	1752.58
712.343	1779.56
712.394	1778.75
712.445	1788.9
712.496	1798.34
712.548	1794.06
712.599	1795.63
712.65	1773.01
712.702	1767.16
712.753	1780.04
712.804	1788.15
712.856	1795.23
712.907	1760.35
712.958	1792.67
713.01	1799.93
713.061	1786.15
713.112	1770.18
713.164	1791.46
713.215	1785.63
713.266	1763.85
713.317	1803.15
713.369	1785.23
713.42	1767.69
713.471	1787.43
713.523	1749.81
713.574	1783.8
713.625	1795.58
713.677	1769.06
713.728	1808.72
713.779	1815.01
713.831	1780.86
713.882	1758.1
713.933	1784.44
713.984	1779.75
714.036	1785.98
714.087	1785.38
714.138	1775.46
714.19	1794.51
714.241	1772.17
714.292	1766.27
714.343	1750.09
714.395	1755.53
714.446	1763.47
714.497	1773.53
714.549	1755.56
714.6	1780.46
714.651	1773.23
714.703	1778.46
714.754	1776.69
714.805	1783.64
714.856	1760.1
714.908	1753.52
714.959	1747.45
715.01	1752.96
715.062	1760.97
715.113	1773
715.164	1766.78
715.215	1746.23
715.267	1757.03
715.318	1752.59
715.369	1767.78
715.421	1756.34
715.472	1761.64
715.523	1757.64
715.574	1754.2
715.626	1766.13
715.677	1767.44
715.728	1754.94
715.779	1783.21
715.831	1750.97
715.882	1778.71
715.933	1798.68
715.985	1773.24
716.036	1747.16
716.087	1754.36
716.138	1777.62
716.19	1772.18
716.241	1782.7
716.292	1778
716.343	1777.39
716.395	1771.55
716.433	1764
716.485	1772
716.536	1766
716.588	1784
716.639	1788
716.691	1828
716.742	1778
716.794	1794
716.845	1756
716.897	1754
716.948	1772
717	1798
717.052	1776
717.103	1796
717.155	1804
717.206	1808
717.258	1836
717.309	1758
717.361	1784
717.412	1804
717.464	1786
717.515	1790
717.567	1856
717.618	1804
717.67	1796
717.721	1776
717.773	1784
717.824	1816
717.876	1840
717.927	1818
717.979	1806
718.03	1812
718.082	1844
718.133	1806
718.185	1814
718.237	1804
718.288	1834
718.34	1844
718.391	1792
718.443	1818
718.494	1842
718.546	1806
718.597	1782
718.649	1760
718.7	1818
718.752	1870
718.803	1796
718.855	1808
718.906	1848
718.958	1830
719.009	1822
719.061	1884
719.112	1856
719.164	1804
719.215	1866
719.267	1836
719.318	1840
719.37	1860
719.421	1846
719.473	1874
719.524	1880
719.576	1886
719.627	1840
719.679	1878
719.73	1836
719.782	1878
719.833	1868
719.885	1888
719.936	1860
719.988	1876
720.039	1884
720.091	1898
720.142	1888
720.194	1894
720.245	1900
720.297	1870
720.348	1886
720.4	1850
720.451	1840
720.503	1864
720.554	1950
720.606	1912
720.657	1866
720.709	1852
720.76	1912
720.812	1878
720.863	1892
720.915	1924
720.966	1890
721.018	1910
721.069	1928
721.121	1872
721.172	1904
721.224	1878
721.275	1894
721.327	1904
721.378	1952
721.43	1914
721.481	1874
721.532	1954
721.584	1916
721.635	1892
721.687	1894
721.738	1930
721.79	1916
721.841	1932
721.893	1950
721.944	1946
721.996	1936
722.047	1938
722.099	1960
722.15	1938
722.202	1966
722.253	1974
722.305	1918
722.356	1992
722.408	1984
722.459	1946
722.511	1936
722.562	2044
722.614	2010
722.665	2018
722.716	2022
722.768	2030
722.819	2016
722.871	2014
722.922	2028
722.974	2042
723.025	2028
723.077	2068
723.128	2058
723.18	2018
723.231	2016
723.283	2052
723.334	2062
723.386	2012
723.437	2060
723.488	2078
723.54	2070
723.591	2074
723.643	2114
723.694	2116
723.746	2082
723.797	2126
723.849	2112
723.9	2108
723.952	2090
724.003	2102
724.055	2134
724.106	2126
724.157	2112
724.209	2112
724.26	2088
724.312	2164
724.363	2156
724.415	2156
724.466	2168
724.518	2200
724.569	2184
724.621	2168
724.672	2174
724.723	2210
724.775	2226
724.826	2240
724.878	2220
724.929	2190
724.981	2264
725.032	2224
725.084	2272
725.135	2292
725.187	2244
725.238	2254
725.289	2284
725.341	2330
725.392	2240
725.444	2312
725.495	2282
725.547	2292
725.598	2312
725.65	2298
725.701	2294
725.752	2362
725.804	2352
725.855	2360
725.907	2310
725.958	2334
726.01	2340
726.061	2396
726.112	2410
726.164	2392
726.215	2394
726.267	2412
726.318	2426
726.37	2410
726.421	2440
726.473	2408
726.524	2468
726.575	2434
726.627	2442
726.678	2428
726.73	2478
726.781	2446
726.833	2500
726.884	2422
726.935	2476
726.987	2494
727.038	2524
727.09	2516
727.141	2512
727.193	2492
727.244	2494
727.295	2512
727.347	2530
727.398	2570
727.45	2542
727.501	2572
727.552	2600
727.604	2592
727.655	2506
727.707	2572
727.758	2546
727.81	2602
727.861	2552
727.912	2572
727.964	2618
728.015	2624
728.067	2638
728.118	2644
728.17	2658
728.221	2686
728.272	2636
728.324	2620
728.375	2616
728.427	2656
728.478	2658
728.529	2696
728.581	2656
728.632	2744
728.684	2634
728.735	2714
728.786	2772
728.838	2712
728.889	2696
728.941	2706
728.992	2718
729.044	2736
729.095	2716
729.146	2738
729.198	2732
729.249	2688
729.301	2740
729.352	2744
729.403	2710
729.455	2788
729.506	2772
729.558	2738
729.609	2738
729.66	2818
729.712	2792
729.763	2732
729.815	2856
729.866	2840
729.917	2824
729.969	2862
730.02	2820
730.072	2810
730.123	2866
730.174	2894
730.226	2838
730.277	2856
730.329	2892
730.38	2858
730.431	2902
730.483	2870
730.534	2898
730.586	2948
730.637	2944
730.688	2980
730.74	2932
730.791	2952
730.842	2928
730.894	3038
730.945	2970
730.997	3024
731.048	3050
731.099	3110
731.151	3112
731.202	3020
731.254	3080
731.305	3064
731.356	3046
731.408	3102
731.459	3132
731.51	3142
731.562	3144
731.613	3186
731.665	3166
731.716	3172
731.767	3252
731.819	3248
731.87	3274
731.922	3262
731.973	3244
732.024	3310
732.076	3316
732.127	3360
732.178	3364
732.23	3376
732.281	3434
732.333	3436
732.384	3418
732.435	3458
732.487	3438
732.538	3528
732.589	3516
732.641	3580
732.692	3594
732.744	3638
732.795	3680
732.846	3702
732.898	3672
732.949	3700
733	3790
733.052	3804
733.103	3830
733.154	3836
733.206	3838
733.257	3910
733.309	3930
733.36	4020
733.411	4036
733.463	4014
733.514	4058
733.565	4168
733.617	4180
733.668	4286
733.719	4276
733.771	4360
733.822	4440
733.873	4334
733.925	4362
733.976	4434
734.028	4498
734.079	4558
734.13	4616
734.182	4706
734.233	4778
734.284	4812
734.336	4798
734.387	4948
734.438	4928
734.49	5076
734.541	5084
734.592	5170
734.644	5258
734.695	5300
734.747	5360
734.798	5394
734.849	5438
734.901	5636
734.952	5650
735.003	5696
735.055	5792
735.106	5866
735.157	5930
735.209	6022
735.26	6098
735.311	6220
735.363	6324
735.414	6440
735.465	6442
735.517	6614
735.568	6700
735.619	6864
735.671	6984
735.722	6918
735.773	7158
735.825	7278
735.876	7370
735.927	7444
735.979	7664
736.03	7850
736.081	7918
736.133	8098
736.184	8068
736.235	8218
736.287	8394
736.338	8624
736.389	8726
736.441	8816
736.492	9010
736.543	9114
736.595	9390
736.646	9524
736.697	9638
736.749	9790
736.8	10058
736.851	10096
736.903	10288
736.954	10486
737.005	10486
737.057	10724
737.108	10940
737.159	11100
737.211	11346
737.262	11488
737.313	11620
737.365	11796
737.416	11898
737.467	12062
737.518	12104
737.57	12400
737.621	12488
737.672	12650
737.724	12570
737.775	12848
737.826	13008
737.878	12942
737.929	13090
737.98	13252
738.032	13182
738.083	13386
738.134	13308
738.186	13464
738.237	13320
738.288	13480
738.339	13460
738.391	13438
738.442	13442
738.493	13498
738.545	13534
738.596	13384
738.647	13308
738.699	13270
738.75	13130
738.801	12992
738.853	12968
738.904	12884
738.955	12640
739.006	12660
739.058	12426
739.109	12302
739.16	12296
739.212	12126
739.263	11788
739.314	11812
739.366	11684
739.417	11468
739.468	11494
739.519	11124
739.571	11052
739.622	10772
739.673	10722
739.725	10644
739.776	10438
739.827	10208
739.878	10088
739.93	9848
739.981	9820
740.032	9642
740.084	9470
740.135	9382
740.186	9216
740.237	9008
740.289	8858
740.34	8706
740.391	8600
740.443	8558
740.494	8442
740.545	8314
740.596	8002
740.648	7890
740.699	7916
740.75	7752
740.802	7596
740.853	7436
740.904	7400
740.956	7312
741.007	7262
741.058	7128
741.109	6982
741.161	6866
741.212	6754
741.263	6638
741.314	6638
741.366	6500
741.417	6344
741.468	6396
741.52	6282
741.571	6174
741.622	6044
741.673	6044
741.725	5888
741.776	5796
741.827	5810
741.878	5756
741.93	5666
741.981	5590
742.032	5564
742.083	5352
742.135	5402
742.186	5390
742.237	5358
742.289	5224
742.34	5092
742.391	5106
742.442	5068
742.494	4968
742.545	4970
742.596	4928
742.647	4938
742.699	4816
742.75	4756
742.801	4672
742.852	4590
742.904	4634
742.955	4556
743.006	4598
743.057	4470
743.109	4398
743.16	4386
743.211	4344
743.263	4358
743.314	4314
743.365	4278
743.416	4144
743.468	4176
743.519	4116
743.57	4060
743.621	4140
743.672	3976
743.724	3946
743.775	3984
743.826	3978
743.878	3892
743.929	3866
743.98	3852
744.031	3888
744.083	3808
744.134	3750
744.185	3744
744.236	3724
744.287	3700
744.339	3600
744.39	3636
744.441	3602
744.492	3642
744.544	3546
744.595	3570
744.646	3564
744.697	3510
744.749	3480
744.8	3482
744.851	3474
744.902	3402
744.954	3410
745.005	3412
745.056	3372
745.107	3368
745.159	3348
745.21	3348
745.261	3314
745.312	3222
745.363	3336
745.415	3298
745.466	3200
745.517	3270
745.568	3236
745.62	3142
745.671	3136
745.722	3230
745.773	3174
745.824	3114
745.876	3110
745.927	3126
745.978	2998
746.029	3094
746.081	3060
746.132	3016
746.183	3032
746.234	3044
746.285	3036
746.337	2942
746.388	2950
746.439	2988
746.49	2942
746.542	2970
746.593	2890
746.644	2880
746.695	2914
746.746	2924
746.798	2872
746.849	2830
746.9	2912
746.951	2902
747.003	2860
747.054	2878
747.105	2812
747.156	2882
747.207	2810
747.259	2736
747.31	2744
747.361	2844
747.412	2820
747.463	2762
747.515	2756
747.566	2786
747.617	2820
747.668	2736
747.719	2722
747.771	2734
747.822	2714
747.873	2686
747.924	2674
747.975	2702
748.027	2712
748.078	2652
748.129	2658
748.18	2636
748.231	2620
748.283	2712
748.334	2664
748.385	2638
748.436	2692
748.487	2624
748.539	2622
748.59	2640
748.641	2680
748.692	2640
748.743	2608
748.795	2644
748.846	2594
748.897	2590
748.948	2584
748.999	2598
749.05	2554
749.102	2586
749.153	2554
749.204	2554
749.255	2552
749.306	2580
749.358	2574
749.409	2574
749.46	2514
749.511	2470
749.562	2492
749.614	2414
749.665	2578
749.716	2528
749.767	2520
749.818	2534
749.869	2542
749.921	2540
749.972	2522
750.023	2536
750.074	2490
750.125	2472
750.177	2488
750.228	2470
750.279	2500
750.33	2444
750.381	2462
750.432	2418
750.484	2474
750.535	2476
750.586	2474
750.637	2502
750.688	2430
750.739	2502
750.791	2364
750.842	2432
750.893	2426
750.944	2502
750.995	2360
751.046	2442
751.098	2432
751.149	2428
751.2	2426
751.251	2372
751.302	2392
751.353	2324
751.404	2404
751.456	2340
751.507	2428
751.558	2388
751.609	2390
751.66	2382
751.711	2376
751.763	2336
751.814	2416
751.865	2400
751.916	2358
751.967	2406
752.018	2360
752.07	2352
752.121	2354
752.172	2362
752.223	2340
752.274	2276
752.325	2348
752.376	2326
752.428	2366
752.479	2338
752.53	2334
752.581	2342
752.632	2326
752.683	2348
752.734	2328
752.786	2288
752.837	2314
752.888	2288
752.939	2324
752.99	2280
753.041	2292
753.092	2312
753.144	2270
753.195	2300
753.246	2292
753.297	2278
753.348	2300
753.399	2302
753.45	2218
753.502	2340
753.553	2254
753.604	2284
753.655	2274
753.706	2278
753.757	2250
753.808	2282
753.859	2282
753.911	2232
753.962	2234
754.013	2258
754.064	2258
754.115	2298
754.166	2292
754.217	2248
754.269	2298
754.32	2202
754.371	2208
754.422	2198
754.473	2204
754.524	2218
754.575	2268
754.626	2256
754.678	2212
754.729	2202
754.78	2242
754.831	2250
754.882	2188
754.933	2242
754.984	2196
755.035	2200
755.086	2288
755.138	2234
755.189	2186
755.24	2258
755.291	2194
755.342	2196
755.393	2140
755.444	2216
755.495	2192
755.547	2220
755.598	2212
755.649	2206
755.7	2144
755.751	2176
755.802	2200
755.853	2226
755.904	2214
755.955	2202
756.006	2184
756.058	2178
756.109	2172
756.16	2184
756.211	2140
756.262	2164
756.313	2162
756.364	2148
756.415	2134
756.466	2176
756.518	2196
756.569	2176
756.62	2174
756.671	2200
756.722	2140
756.773	2152
756.824	2116
756.875	2158
756.926	2158
756.977	2156
757.029	2138
757.08	2176
757.131	2178
757.182	2176
757.233	2080
757.284	2146
757.335	2144
757.386	2146
757.437	2092
757.488	2120
757.539	2170
757.59	2092
757.642	2120
757.693	2098
757.744	2086
757.795	2120
757.846	2142
757.897	2088
757.948	2078
757.999	2070
758.05	2112
758.101	2070
758.152	2118
758.203	2094
758.255	2078
758.306	2032
758.357	2090
758.408	2088
758.459	2046
758.51	2111.81
758.561	2095.41
758.612	2082.39
758.663	2109.92
758.714	2085.42
758.765	2089.09
758.816	2075.15
758.867	2054.97
758.919	2082.5
758.97	2069.95
759.021	2082.1
759.072	2053.81
759.123	2038.4
759.174	2070.22
759.225	2076.73
759.276	2065.14
759.327	2086.82
759.378	2063.51
759.429	2011.53
759.48	2026.89
759.531	2031.24
759.582	2013.89
759.633	2025.38
759.685	2007.16
759.736	2027.09
759.787	2022.56
759.838	2019.05
759.889	2033.52
759.94	1996.54
759.991	1997.89
760.042	2031.84
760.093	2019.74
760.144	1991.64
760.195	2001.15
760.246	1986.22
760.297	1976.66
760.348	1967.69
760.399	1979.68
760.45	1968.62
760.501	1966.61
760.552	1958.96
760.603	1976.85
760.655	1936.06
760.706	1951.13
760.757	1978.11
760.808	1952.97
760.859	1974.99
760.91	1956.66
760.961	1938.23
761.012	1966.63
761.063	1939.92
761.114	1955.98
761.165	1956.72
761.216	1956.57
761.267	1952.92
761.318	1953.29
761.369	1910.77
761.42	1930.05
761.471	1919.01
761.522	1942.1
761.573	1918.81
761.624	1903.47
761.675	1923.57
761.726	1909.72
761.777	1923.85
761.828	1925.97
761.88	1957.86
761.931	1892.3
761.982	1949.73
762.033	1905.88
762.084	1919.8
762.135	1925.05
762.186	1883.82
762.237	1900.59
762.288	1905.32
762.339	1909.96
762.39	1907.66
762.441	1876.52
762.492	1852.89
762.543	1901.98
762.594	1883.69
762.645	1881.42
762.696	1892.28
762.747	1896.18
762.798	1876.43
762.849	1858.21
762.9	1869.03
762.951	1888.15
763.002	1896.67
763.053	1891.63
763.104	1899.25
763.155	1876.15
763.206	1842.27
763.257	1877.42
763.308	1887.02
763.359	1869.78
763.41	1865.54
763.461	1850.69
763.512	1847.16
763.563	1832.06
763.614	1879.02
763.665	1891.62
763.678	1890
763.729	1858
763.78	1858
763.832	1792
763.883	1854
763.934	1872
763.986	1808
764.037	1854
764.088	1858
764.139	1800
764.191	1836
764.242	1848
764.293	1814
764.345	1856
764.396	1824
764.447	1856
764.498	1866
764.55	1816
764.601	1840
764.652	1856
764.704	1828
764.755	1778
764.806	1870
764.857	1824
764.909	1838
764.96	1866
765.011	1872
765.062	1858
765.114	1840
765.165	1858
765.216	1836
765.268	1820
765.319	1864
765.37	1828
765.421	1854
765.473	1822
765.524	1798
765.575	1854
765.626	1810
765.678	1874
765.729	1810
765.78	1808
765.831	1802
765.883	1806
765.934	1824
765.985	1822
766.036	1794
766.088	1798
766.139	1814
766.19	1776
766.242	1850
766.293	1788
766.344	1776
766.395	1780
766.447	1786
766.498	1766
766.549	1786
766.6	1766
766.652	1792
766.703	1780
766.754	1792
766.805	1754
766.857	1738
766.908	1732
766.959	1738
767.01	1760
767.062	1786
767.113	1728
767.164	1748
767.215	1760
767.267	1772
767.318	1752
767.369	1736
767.42	1746
767.472	1714
767.523	1740
767.574	1730
767.625	1708
767.677	1698
767.728	1708
767.779	1690
767.83	1674
767.882	1662
767.933	1664
767.984	1678
768.035	1698
768.087	1696
768.138	1676
768.189	1638
768.24	1664
768.292	1656
768.343	1678
768.394	1622
768.445	1672
768.497	1618
768.548	1648
768.599	1644
768.65	1618
768.701	1612
768.753	1628
768.804	1588
768.855	1612
768.906	1614
768.958	1572
769.009	1586
769.06	1586
769.111	1552
769.163	1586
769.214	1570
769.265	1568
769.316	1530
769.367	1588
769.419	1548
769.47	1522
769.521	1540
769.572	1538
769.624	1544
769.675	1544
769.726	1492
769.777	1538
769.828	1514
769.88	1538
769.931	1514
769.982	1530
770.033	1506
770.085	1518
770.136	1478
770.187	1504
770.238	1472
770.289	1458
770.341	1428
770.392	1450
770.443	1430
770.494	1452
770.546	1436
770.597	1466
770.648	1446
770.699	1454
770.75	1386
770.802	1422
770.853	1434
770.904	1426
770.955	1382
771.006	1412
771.058	1390
771.109	1394
771.16	1412
771.211	1342
771.263	1400
771.314	1394
771.365	1390
771.416	1384
771.467	1328
771.519	1400
771.57	1344
771.621	1360
771.672	1344
771.723	1354
771.775	1354
771.826	1360
771.877	1326
771.928	1332
771.979	1380
772.031	1316
772.082	1322
772.133	1318
772.184	1330
772.235	1298
772.287	1338
772.338	1310
772.389	1352
772.44	1330
772.491	1284
772.543	1292
772.594	1290
772.645	1264
772.696	1290
772.747	1258
772.799	1282
772.85	1242
772.901	1256
772.952	1254
773.003	1272
773.055	1296
773.106	1274
773.157	1266
773.208	1276
773.259	1266
773.31	1240
773.362	1252
773.413	1232
773.464	1226
773.515	1258
773.566	1244
773.618	1230
773.669	1236
773.72	1238
773.771	1202
773.822	1246
773.873	1218
773.925	1220
773.976	1226
774.027	1220
774.078	1206
774.129	1248
774.18	1204
774.232	1200
774.283	1184
774.334	1218
774.385	1200
774.436	1206
774.488	1202
774.539	1204
774.59	1204
774.641	1160
774.692	1192
774.743	1226
774.795	1170
774.846	1154
774.897	1154
774.948	1156
774.999	1170
775.05	1118
775.102	1156
775.153	1156
775.204	1172
775.255	1168
775.306	1154
775.357	1172
775.409	1140
775.46	1110
775.511	1140
775.562	1164
775.613	1148
775.664	1170
775.716	1130
775.767	1120
775.818	1102
775.869	1128
775.92	1122
775.971	1130
776.023	1094
776.074	1134
776.125	1128
776.176	1108
776.227	1112
776.278	1098
776.329	1104
776.381	1090
776.432	1084
776.483	1106
776.534	1112
776.585	1076
776.636	1052
776.688	1068
776.739	1108
776.79	1070
776.841	1098
776.892	1100
776.943	1082
776.994	1088
777.046	1078
777.097	1040
777.148	1114
777.199	1066
777.25	1054
777.301	1066
777.352	1036
777.404	1048
777.455	1056
777.506	1022
777.557	1058
777.608	1076
777.659	1066
777.71	1036
777.762	1054
777.813	1060
777.864	1032
777.915	1074
777.966	1048
778.017	1024
778.068	1008
778.12	1056
778.171	1040
778.222	1074
778.273	998
778.324	1006
778.375	1008
778.426	986
778.477	1020
778.529	1030
778.58	1002
778.631	1008
778.682	984
778.733	1014
778.784	1020
778.835	1034
778.886	1028
778.938	972
778.989	990
779.04	980
779.091	986
779.142	1012
779.193	972
779.244	976
779.295	992
779.347	990
779.398	990
779.449	982
779.5	978
779.551	968
779.602	958
779.653	968
779.704	958
779.755	980
779.807	960
779.858	982
779.909	976
779.96	944
780.011	982
780.062	972
780.113	914
780.164	966
780.216	972
780.267	938
780.318	944
780.369	922
780.42	954
780.471	916
780.522	920
780.573	960
780.624	916
780.675	922
780.727	912
780.778	968
780.829	902
780.88	932
780.931	938
780.982	926
781.033	928
781.084	912
781.135	924
781.187	906
781.238	934
781.289	920
781.34	958
781.391	910
781.442	886
781.493	906
781.544	896
781.595	920
781.646	888
781.698	912
781.749	916
781.8	912
781.851	886
781.902	888
781.953	892
782.004	876
782.055	876
782.106	886
782.157	876
782.208	884
782.26	880
782.311	892
782.362	848
782.413	864
782.464	880
782.515	870
782.566	882
782.617	858
782.668	856
782.719	850
782.77	870
782.821	880
782.872	862
782.924	864
782.975	846
783.026	846
783.077	826
783.128	850
783.179	842
783.23	836
783.281	852
783.332	868
783.383	822
783.434	872
783.485	824
783.536	844
783.588	834
783.639	834
783.69	836
783.741	840
783.792	868
783.843	818
783.894	824
783.945	780
783.996	828
784.047	846
784.098	828
784.149	830
784.2	858
784.252	826
784.303	818
784.354	800
784.405	828
784.456	826
784.507	826
784.558	812
784.609	838
784.66	804
784.711	816
784.762	786
784.813	788
784.864	784
784.915	816
784.966	806
785.017	802
785.068	802
785.12	796
785.171	794
785.222	794
785.273	792
785.324	768
785.375	808
785.426	764
785.477	774
785.528	772
785.579	784
785.63	776
785.681	794
785.732	796
785.783	794
785.834	768
785.885	768
785.936	766
785.987	762
786.038	754
786.089	762
786.141	758
786.192	766
786.243	796
786.294	770
786.345	748
786.396	766
786.447	800
786.498	768
786.549	728
786.6	742
786.651	752
786.702	750
786.753	758
786.804	760
786.855	768
786.906	776
786.957	760
787.008	744
787.059	762
787.11	762
787.161	728
787.212	752
787.263	718
787.314	756
787.365	720
787.416	708
787.467	720
787.518	744
787.57	728
787.621	746
787.672	724
787.723	754
787.774	726
787.825	746
787.876	710
787.927	734
787.978	722
788.029	730
788.08	710
788.131	726
788.182	710
788.233	728
788.284	732
788.335	708
788.386	720
788.437	680
788.488	710
788.539	744
788.59	718
788.641	692
788.692	730
788.743	694
788.794	702
788.845	698
788.896	718
788.947	690
788.998	696
789.049	708
789.1	698
789.151	736
789.202	692
789.253	682
789.304	722
789.355	696
789.406	706
789.457	692
789.508	680
789.559	692
789.61	682
789.661	668
789.712	680
789.763	720
789.814	674
789.865	710
789.916	690
789.967	698
790.018	700
790.069	676
790.12	698
790.171	700
790.222	700
790.273	690
790.324	674
790.375	698
790.426	666
790.477	676
790.528	668
790.579	678
790.63	680
790.681	668
790.732	652
790.783	660
790.834	678
790.885	680
790.936	684
790.987	686
791.038	660
791.089	656
791.14	708
791.191	680
791.242	676
791.293	664
791.344	646
791.395	658
791.446	690
791.497	678
791.548	654
791.599	670
791.65	682
791.701	668
791.752	654
791.803	638
791.854	670
791.905	632
791.956	686
792.007	634
792.058	682
792.109	664
792.16	650
792.211	660
792.262	654
792.313	630
792.363	642
792.414	676
792.465	658
792.516	660
792.567	658
792.618	642
792.669	662
792.72	642
792.771	650
792.822	648
792.873	674
792.924	616
792.975	672
793.026	638
793.077	638
793.128	616
793.179	626
793.23	644
793.281	658
793.332	652
793.383	640
793.434	622
793.485	628
793.536	654
793.587	630
793.638	666
793.689	660
793.74	652
793.79	644
793.841	622
793.892	644
793.943	650
793.994	650
794.045	644
794.096	664
794.147	652
794.198	620
794.249	616
794.3	638
794.351	638
794.402	632
794.453	638
794.504	654
794.555	628
794.606	638
794.657	632
794.708	630
794.758	642
794.809	620
794.86	626
794.911	632
794.962	624
795.013	630
795.064	618
795.115	626
795.166	606
795.217	606
795.268	622
795.319	642
795.37	644
795.421	644
795.472	612
795.523	628
795.573	624
795.624	598
795.675	626
795.726	620
795.777	624
795.828	630
795.879	608
795.93	638
795.981	636
796.032	606
796.083	630
796.134	600
796.185	630
796.236	596
796.286	638
796.337	634
796.388	624
796.439	612
796.49	610
796.541	614
796.592	584
796.643	616
796.694	614
796.745	604
796.796	586
796.847	624
796.897	610
796.948	620
796.999	610
797.05	622
797.101	602
797.152	624
797.203	626
797.254	606
797.305	596
797.356	624
797.407	594
797.458	584
797.508	592
797.559	580
797.61	578
797.661	618
797.712	578
797.763	612
797.814	552
797.865	604
797.916	604
797.967	598
798.018	608
798.068	594
798.119	584
798.17	580
798.221	600
798.272	590
798.323	580
798.374	576
798.425	572
798.476	570
798.526	572
798.577	562
798.628	586
798.679	594
798.73	572
798.781	582
798.832	564
798.883	584
798.934	602
798.984	592
799.035	598
799.086	594
799.137	582
799.188	572
799.239	566
799.29	556
799.341	538
799.392	564
799.443	566
799.493	560
799.544	560
799.595	542
799.646	542
799.697	552
799.748	546
799.799	560
799.85	542
799.9	548
799.951	558
800.002	556
800.053	540
800.104	566
800.155	534
800.206	544
800.257	526
800.307	520
800.358	534
800.409	530
800.46	548
800.511	546
800.562	536
800.613	512
800.664	530
800.714	506
800.765	518
800.816	506
800.867	530
800.918	522
800.969	518
801.02	508
801.07	522
801.121	518
801.172	514
801.223	514
801.274	500
801.325	496
801.376	536
801.427	496
801.477	492
801.528	504
801.579	498
801.63	490
801.681	504
801.732	514
801.783	484
801.833	480
801.884	504
801.935	502
801.986	498
802.037	490
802.088	490
802.139	466
802.189	474
802.24	486
802.291	490
802.342	450
802.393	504
802.444	476
802.495	480
802.545	466
802.596	482
802.647	470
802.698	484
802.749	494
802.8	488
802.85	472
802.901	484
802.952	492
803.003	492
803.054	496
803.105	484
803.155	484
803.206	480
803.257	464
803.308	478
803.359	478
803.41	476
803.46	470
803.511	492
803.562	472
803.613	470
803.664	462
803.715	468
803.765	452
803.816	476
803.867	458
803.918	438
803.969	484
804.02	470
804.07	464
804.121	452
804.172	444
804.223	474
804.274	488
804.325	454
804.375	454
804.426	442
804.477	446
804.528	440
804.579	448
804.63	458
804.68	442
804.731	450
804.782	448
804.833	448
804.884	456
804.934	448
804.985	472
805.036	440
805.087	460
805.138	412
805.188	434
805.239	430
805.29	446
805.341	420
805.392	432
805.443	452
805.493	459.862
805.544	439.912
805.595	445.663
805.646	431.991
805.697	439.318
805.747	418.134
805.798	438.554
805.849	435.28
805.9	449.506
805.951	422.183
806.001	436.842
806.052	426.076
806.103	436.403
806.154	426.878
806.205	440.988
806.255	436.316
806.306	443.615
806.357	432.253
806.408	430.362
806.459	434.702
806.509	423.724
806.56	425.305
806.611	437.794
806.662	417.25
806.713	433.926
806.763	417.45
806.814	434.012
806.865	433.429
806.916	423.162
806.967	435.108
807.017	436.066
807.068	446.274
807.119	415.032
807.17	439.583
807.22	405.472
807.271	417.784
807.322	436.032
807.373	420.438
807.424	422.4
807.474	419.557
807.525	422.314
807.576	421.355
807.627	412.401
807.678	420.217
807.728	420.708
807.779	423.911
807.83	409.992
807.881	407.041
807.931	414.7
807.982	420.486
808.033	421.504
808.084	422.933
808.135	423.871
808.185	415.438
808.236	425.965
808.287	413.107
808.338	406.273
808.388	410.873
808.439	419.937
808.49	414.363
808.541	425.707
808.591	405.641
808.642	414.251
808.693	401.38
808.744	412.474
808.795	411.058
808.845	409.809
808.896	410.812
808.947	405.775
808.998	404.673
809.048	415.551
809.099	382.606
809.15	412.559
809.201	400.726
809.251	392.214
809.302	414.527
809.353	405.554
809.404	403.276
809.454	413.497
809.505	394.932
809.556	388.155
809.607	398.73
809.658	384.328
809.708	422.643
809.759	422
809.81	397.965
809.861	399.36
809.911	410.922
809.962	397.856
810.013	405.146
810.064	396.297
810.114	405.365
810.165	411.299
810.216	403.096
810.267	394.058
810.317	395.015
810.368	409.962
810.419	403.925
810.469	396.575
810.52	387.34
810.571	389.937
810.622	382.937
810.627	382
810.678	388
810.729	384
810.78	420
810.831	400
810.882	394
810.933	388
810.984	384
811.035	382
811.086	410
811.137	404
811.188	378
811.239	396
811.29	390
811.341	396
811.392	396
811.443	380
811.494	406
811.545	396
811.596	384
811.648	384
811.699	392
811.75	384
811.801	368
811.852	374
811.903	386
811.954	398
812.005	388
812.056	384
812.107	392
812.158	368
812.209	384
812.26	390
812.311	388
812.362	382
812.413	398
812.464	370
812.515	404
812.566	388
812.617	370
812.668	352
812.719	364
812.77	386
812.821	358
812.872	386
812.923	376
812.974	368
813.025	376
813.076	368
813.127	374
813.178	384
813.229	374
813.28	370
813.331	366
813.382	366
813.433	360
813.484	376
813.535	362
813.586	374
813.637	368
813.688	362
813.739	364
813.79	372
813.841	368
813.892	364
813.943	354
813.994	358
814.045	368
814.096	368
814.147	358
814.198	344
814.249	354
814.3	358
814.351	360
814.402	366
814.453	342
814.504	354
814.555	332
814.606	372
814.657	344
814.708	348
814.759	376
814.81	352
814.861	354
814.912	348
814.963	328
815.014	332
815.065	376
815.116	348
815.167	332
815.217	344
815.268	354
815.319	348
815.37	340
815.421	354
815.472	352
815.523	338
815.574	346
815.625	358
815.676	356
815.727	322
815.778	346
815.829	324
815.88	340
815.931	340
815.982	338
816.033	324
816.084	324
816.135	338
816.186	348
816.237	342
816.288	320
816.339	334
816.39	326
816.441	328
816.492	336
816.543	330
816.594	312
816.645	308
816.696	314
816.747	310
816.798	302
816.849	322
816.9	354
816.951	314
817.001	320
817.052	314
817.103	326
817.154	316
817.205	338
817.256	328
817.307	316
817.358	330
817.409	324
817.46	312
817.511	322
817.562	298
817.613	312
817.664	296
817.715	308
817.766	294
817.817	318
817.868	286
817.919	284
817.97	318
818.021	302
818.071	282
818.122	286
818.173	312
818.224	300
818.275	290
818.326	286
818.377	308
818.428	286
818.479	298
818.53	296
818.581	294
818.632	288
818.683	300
818.734	294
818.785	286
818.836	286
818.887	290
818.938	306
818.988	306
819.039	288
819.09	302
819.141	274
819.192	294
819.243	282
819.294	284
819.345	294
819.396	290
819.447	284
819.498	278
819.549	288
819.6	268
819.651	282
819.702	262
819.753	272
819.803	278
819.854	282
819.905	260
819.956	258
820.007	274
820.058	262
820.109	274
820.16	272
820.211	280
820.262	266
820.313	284
820.364	274
820.415	296
820.465	276
820.516	274
820.567	256
820.618	266
820.669	246
820.72	260
820.771	258
820.822	272
820.873	260
820.924	260
820.975	256
821.026	280
821.076	272
821.127	250
821.178	266
821.229	262
821.28	252
821.331	260
821.382	260
821.433	260
821.484	268
821.535	254
821.586	264
821.637	266
821.687	256
821.738	248
821.789	260
821.84	246
821.891	258
821.942	254
821.993	250
822.044	258
822.095	256
822.146	258
822.196	244
822.247	254
822.298	264
822.349	262
822.4	250
822.451	254
822.502	238
822.553	260
822.604	250
822.655	258
822.706	248
822.756	230
822.807	244
822.858	250
822.909	246
822.96	234
823.011	252
823.062	242
823.113	246
823.164	242
823.214	230
823.265	244
823.316	246
823.367	252
823.418	246
823.469	238
823.52	252
823.571	236
823.622	242
823.672	224
823.723	242
823.774	232
823.825	242
823.876	226
823.927	232
823.978	248
824.029	236
824.08	226
824.13	240
824.181	226
824.232	234
824.283	242
824.334	244
824.385	236
824.436	238
824.487	230
824.537	216
824.588	232
824.639	240
824.69	228
824.741	250
824.792	230
824.843	232
824.893	224
824.944	226
824.995	232
825.046	230
825.097	226
825.148	216
825.199	240
825.25	232
825.3	224
825.351	220
825.402	224
825.453	220
825.504	228
825.555	228
825.606	228
825.657	226
825.707	230
825.758	226
825.809	222
825.86	234
825.911	212
825.962	208
826.013	234
826.063	222
826.114	214
826.165	240
826.216	238
826.267	224
826.318	226
826.369	234
826.419	228
826.47	224
826.521	218
826.572	234
826.623	210
826.674	226
826.725	218
826.775	226
826.826	212
826.877	232
826.928	234
826.979	222
827.03	218
827.08	212
827.131	214
827.182	224
827.233	226
827.284	206
827.335	230
827.386	220
827.436	218
827.487	216
827.538	204
827.589	210
827.64	212
827.691	224
827.741	234
827.792	212
827.843	214
827.894	226
827.945	210
827.996	204
828.046	230
828.097	220
828.148	216
828.199	224
828.25	210
828.301	216
828.351	204
828.402	206
828.453	214
828.504	220
828.555	214
828.606	214
828.656	218
828.707	202
828.758	224
828.809	196
828.86	210
828.911	212
828.961	204
829.012	220
829.063	234
829.114	204
829.165	198
829.216	222
829.266	206
829.317	208
829.368	186
829.419	218
829.47	216
829.52	206
829.571	210
829.622	208
829.673	216
829.724	208
829.774	230
829.825	212
829.876	208
829.927	212
829.978	196
830.029	198
830.079	200
830.13	206
830.181	198
830.232	184
830.283	214
830.333	188
830.384	208
830.435	186
830.486	210
830.537	200
830.587	208
830.638	200
830.689	200
830.74	192
830.791	202
830.841	188
830.892	208
830.943	202
830.994	224
831.045	204
831.095	208
831.146	202
831.197	210
831.248	202
831.299	196
831.349	200
831.4	190
831.451	192
831.502	200
831.553	194
831.603	206
831.654	202
831.705	190
831.756	192
831.807	206
831.857	184
831.908	194
831.959	188
832.01	202
832.061	182
832.111	200
832.162	200
832.213	194
832.264	194
832.315	198
832.365	192
832.416	204
832.467	196
832.518	198
832.568	186
832.619	196
832.67	184
832.721	206
832.772	198
832.822	204
832.873	194
832.924	190
832.975	196
833.025	198
833.076	188
833.127	184
833.178	184
833.229	196
833.279	186
833.33	198
833.381	194
833.432	188
833.482	194
833.533	194
833.584	196
833.635	190
833.685	200
833.736	184
833.787	182
833.838	188
833.889	198
833.939	200
833.99	194
834.041	184
834.092	192
834.142	186
834.193	192
834.244	186
834.295	192
834.345	194
834.396	160
834.447	184
834.498	184
834.548	190
834.599	176
834.65	178
834.701	186
834.751	180
834.802	166
834.853	194
834.904	194
834.954	184
835.005	188
835.056	178
835.107	184
835.157	176
835.208	182
835.259	180
835.31	184
835.36	180
835.411	192
835.462	178
835.513	202
835.563	170
835.614	172
835.665	162
835.716	192
835.766	182
835.817	186
835.868	174
835.919	172
835.969	178
836.02	180
836.071	180
836.122	170
836.172	178
836.223	190
836.274	170
836.325	178
836.375	180
836.426	188
836.477	170
836.528	162
836.578	158
836.629	172
836.68	166
836.73	190
836.781	192
836.832	178
836.883	176
836.933	184
836.984	168
837.035	188
837.086	170
837.136	178
837.187	186
837.238	174
837.288	166
837.339	164
837.39	174
837.441	176
837.491	166
837.542	168
837.593	176
837.643	172
837.694	162
837.745	176
837.796	164
837.846	166
837.897	174
837.948	182
837.999	176
838.049	168
838.1	170
838.151	158
838.201	178
838.252	156
838.303	174
838.354	174
838.404	174
838.455	176
838.506	180
838.556	176
838.607	162
838.658	166
838.708	170
838.759	176
838.81	174
838.861	168
838.911	164
838.962	164
839.013	174
839.063	154
839.114	164
839.165	160
839.216	174
839.266	162
839.317	174
839.368	172
839.418	168
839.469	168
839.52	180
839.57	166
839.621	164
839.672	168
839.722	164
839.773	168
839.824	164
839.875	162
839.925	168
839.976	164
840.027	176
840.077	152
840.128	168
840.179	160
840.229	164
840.28	162
840.331	148
840.381	170
840.432	164
840.483	160
840.534	170
840.584	158
840.635	164
840.686	168
840.736	162
840.787	156
840.838	164
840.888	152
840.939	176
840.99	134
841.04	168
841.091	166
841.142	158
841.192	154
841.243	170
841.294	162
841.344	170
841.395	156
841.446	162
841.496	152
841.547	166
841.598	166
841.648	172
841.699	164
841.75	158
841.8	154
841.851	160
841.902	168
841.952	152
842.003	152
842.054	160
842.104	156
842.155	164
842.206	162
842.256	156
842.307	154
842.358	160
842.408	154
842.459	154
842.51	164
842.56	158
842.611	158
842.662	160
842.712	154
842.763	138
842.814	160
842.864	144
842.915	150
842.966	152
843.016	162
843.067	150
843.118	146
843.168	158
843.219	158
843.269	154
843.32	146
843.371	150
843.421	152
843.472	142
843.523	168
843.573	144
843.624	170
843.675	162
843.725	162
843.776	138
843.827	156
843.877	140
843.928	154
843.979	148
844.029	156
844.08	158
844.13	150
844.181	148
844.232	154
844.282	146
844.333	150
844.384	148
844.434	158
844.485	136
844.536	142
844.586	158
844.637	154
844.687	144
844.738	146
844.789	144
844.839	158
844.89	146
844.941	148
844.991	140
845.042	156
845.092	142
845.143	152
845.194	142
845.244	156
845.295	154
845.346	144
845.396	142
845.447	136
845.497	146
845.548	134
845.599	138
845.649	142
845.7	138
845.75	146
845.801	142
845.852	134
845.902	138
845.953	152
846.004	132
846.054	156
846.105	134
846.155	146
846.206	152
846.257	148
846.307	140
846.358	138
846.409	138
846.459	150
846.51	142
846.56	136
846.611	144
846.661	138
846.712	152
846.763	138
846.813	140
846.864	148
846.915	148
846.965	146
847.016	144
847.066	144
847.117	144
847.168	126
847.218	140
847.269	148
847.319	146
847.37	140
847.421	150
847.471	142
847.522	150
847.572	134
847.623	132
847.674	140
847.724	140
847.775	156
847.825	142
847.876	146
847.926	130
847.977	142
848.028	134
848.078	140
848.129	134
848.179	132
848.23	140
848.281	132
848.331	148
848.382	122
848.432	146
848.483	136
848.534	126
848.584	148
848.635	138
848.685	136
848.736	136
848.786	146
848.837	136
848.888	136
848.938	136
848.989	144
849.039	140
849.09	144
849.14	158
849.191	146
849.242	144
849.292	132
849.343	138
849.393	128
849.444	136
849.494	136
849.545	126
849.596	138
849.646	134
849.697	114
849.747	138
849.798	120
849.848	136
849.899	136
849.95	150
850	128
850.051	120
850.101	134
850.152	124
850.202	128
850.253	134
850.303	128
850.354	134
850.405	140
850.455	132
850.506	134
850.556	124
850.607	138
850.657	124
850.708	128
850.758	136
850.809	140
850.86	132
850.91	118
850.961	122
851.011	130
851.062	124
851.112	118
851.163	126
851.213	126
851.264	128
851.314	120
851.365	130
851.416	140
851.466	124
851.517	136
851.567	120
851.618	128
851.668	134
851.719	138
851.769	136
851.82	124
851.87	124
851.921	128
851.971	130
852.022	114
852.073	136
852.123	120
852.174	134
852.224	126
852.275	144
852.325	130.007
852.376	129.762
852.426	131.653
852.477	123.991
852.527	129.885
852.578	137.668
852.628	133.351
852.679	124.446
852.729	129.665
852.78	134.729
852.831	127.218
852.881	113.366
852.932	123.759
852.982	123.033
853.033	135.736
853.083	124.207
853.134	112.213
853.184	125.977
853.235	126
853.285	123.837
853.336	128.514
853.386	123.759
853.437	120.695
853.487	116.821
853.538	119.134
853.588	123.49
853.639	114.715
853.689	118.415
853.74	121.368
853.79	121.685
853.841	125.8
853.891	126.099
853.942	116.391
853.992	120.555
854.043	131.37
854.093	116.126
854.144	117.144
854.194	123.463
854.245	120.26
854.295	117.781
854.346	107.511
854.396	126.836
854.447	121.11
854.497	128.533
854.548	122.89
854.598	121.567
854.649	120.787
854.699	110.85
854.75	117.852
854.8	122.255
854.851	121.738
854.901	109.967
854.952	112.505
855.002	115.268
855.053	117.213
855.103	118.576
855.154	120.136
855.204	118.364
855.255	125.19
855.305	127.637
855.356	118.703
855.406	110.711
855.457	116.164
855.507	120.175
855.558	117.42
855.608	105.82
855.659	118.446
855.709	119.239
855.76	116.777
855.81	117.896
855.861	124.806
855.911	118.272
855.962	111.25
856.012	113.099
856.063	117.379
856.113	113.768
856.164	116.901
856.214	118.213
856.265	117.213
856.315	115.814
856.366	113.261
856.416	111.447
856.467	113.697
856.517	113.964
856.568	118.665
856.618	119.816
856.668	115.108
856.719	111.178
856.769	110.143
856.82	103.652
856.87	105.595
856.921	112.706
856.971	109.214
857.022	108.229
857.072	111.733
857.123	115.346
857.173	114.835
857.224	112.71
857.274	111.496
857.325	114.335
857.352	124
857.403	110
857.453	108
857.504	122
857.555	118
857.606	112
857.656	118
857.707	120
857.758	116
857.809	116
857.859	102
857.91	118
857.961	122
858.012	106
858.063	112
858.113	98
858.164	120
858.215	108
858.266	118
858.316	106
858.367	120
858.418	100
858.469	112
858.519	114
858.57	114
858.621	108
858.672	104
858.722	100
858.773	116
858.824	112
858.875	108
858.925	104
858.976	114
859.027	120
859.078	116
859.128	102
859.179	110
859.23	94
859.281	106
859.331	106
859.382	110
859.433	104
859.483	122
859.534	104
859.585	108
859.636	106
859.686	110
859.737	104
859.788	128
859.839	110
859.889	98
859.94	112
859.991	106
860.042	118
860.092	96
860.143	110
860.194	110
860.245	110
860.295	112
860.346	94
860.397	96
860.447	108
860.498	98
860.549	96
860.6	106
860.65	114
860.701	104
860.752	108
860.802	114
860.853	102
860.904	90
860.955	116
861.005	112
861.056	100
861.107	104
861.158	110
861.208	102
861.259	108
861.31	94
861.36	110
861.411	114
861.462	106
861.513	98
861.563	112
861.614	102
861.665	108
861.715	102
861.766	106
861.817	112
861.868	120
861.918	104
861.969	90
862.02	110
862.07	102
862.121	100
862.172	94
862.223	102
862.273	106
862.324	88
862.375	106
862.425	104
862.476	108
862.527	100
862.577	120
862.628	90
862.679	100
862.73	96
862.78	104
862.831	110
862.882	110
862.932	94
862.983	96
863.034	106
863.084	94
863.135	110
863.186	98
863.237	98
863.287	102
863.338	106
863.389	98
863.439	100
863.49	102
863.541	104
863.591	108
863.642	94
863.693	116
863.744	110
863.794	104
863.845	96
863.896	104
863.946	104
863.997	106
864.048	104
864.098	102
864.149	106
864.2	108
864.25	100
864.301	102
864.352	98
864.402	96
864.453	106
864.504	104
864.555	90
864.605	102
864.656	94
864.707	108
864.757	100
864.808	90
864.859	98
864.909	100
864.96	94
865.011	94
865.061	98
865.112	100
865.163	94
865.213	102
865.264	96
865.315	108
865.365	106
865.416	98
865.467	94
865.517	80
865.568	98
865.619	108
865.669	94
865.72	112
865.771	98
865.821	104
865.872	106
865.923	96
865.973	94
866.024	84
866.075	100
866.125	102
866.176	100
866.227	98
866.277	98
866.328	96
866.379	106
866.429	100
866.48	96
866.531	86
866.581	102
866.632	94
866.683	100
866.733	102
866.784	94
866.835	92
866.885	98
866.936	88
866.987	92
867.037	94
867.088	94
867.138	90
867.189	102
867.24	98
867.29	100
867.341	96
867.392	112
867.442	100
867.493	100
867.544	96
867.594	102
867.645	100
867.696	92
867.746	92
867.797	90
867.848	110
867.898	98
867.949	90
867.999	96
868.05	100
868.101	90
868.151	96
868.202	100
868.253	92
868.303	94
868.354	108
868.405	100
868.455	102
868.506	96
868.556	100
868.607	102
868.658	100
868.708	102
868.759	92
868.81	88
868.86	88
868.911	86
868.961	88
869.012	96
869.063	100
869.113	88
869.164	88
869.215	96
869.265	92
869.316	94
869.367	94
869.417	86
869.468	98
869.518	78
869.569	86
869.62	102
869.67	96
869.721	86
869.771	100
869.822	94
869.873	102
869.923	86
869.974	86
870.025	98
870.075	104
870.126	78
870.176	98
870.227	96
870.278	90
870.328	84
870.379	96
870.43	90
870.48	86
870.531	102
870.581	86
870.632	100
870.683	98
870.733	96
870.784	92
870.834	94
870.885	94
870.936	100
870.986	86
871.037	80
871.087	104
871.138	88
871.189	98
871.239	98
871.29	78
871.34	100
871.391	84
871.442	94
871.492	96
871.543	98
871.593	96
871.644	80
871.695	88
871.745	96
871.796	100
871.846	92
871.897	90
871.948	84
871.998	96
872.049	82
872.099	90
872.15	90
872.201	100
872.251	84
872.302	96
872.352	94
872.403	94
872.453	88
872.504	92
872.555	94
872.605	90
872.656	84
872.706	106
872.757	96
872.808	92
872.858	98
872.909	86
872.959	90
873.01	78
873.06	76
873.111	90
873.162	98
873.212	76
873.263	84
873.313	98
873.364	92
873.415	86
873.465	92
873.516	100
873.566	82
873.617	92
873.667	88
873.718	94
873.769	82
873.819	94
873.87	94
873.92	86
873.971	94
874.021	94
874.072	84
874.123	88
874.173	98
874.224	90
874.274	90
874.325	76
874.375	86
874.426	86
874.477	90
874.527	98
874.578	96
874.628	82
874.679	88
874.729	84
874.78	92
874.83	86
874.881	90
874.932	96
874.982	90
875.033	84
875.083	90
875.134	90
875.184	96
875.235	86
875.285	80
875.336	82
875.387	94
875.437	84
875.488	78
875.538	78
875.589	100
875.639	94
875.69	90
875.74	84
875.791	92
875.841	84
875.892	86
875.943	84
875.993	90
876.044	96
876.094	88
876.145	84
876.195	80
876.246	92
876.296	88
876.347	84
876.397	90
876.448	94
876.499	94
876.549	74
876.6	94
876.65	88
876.701	84
876.751	88
876.802	92
876.852	86
876.903	72
876.953	82
877.004	92
877.054	88
877.105	90
877.155	88
877.206	78
877.257	84
877.307	82
877.358	86
877.408	88
877.459	96
877.509	76
877.56	98
877.61	92
877.661	78
877.711	88
877.762	78
877.812	80
877.863	94
877.913	86
877.964	92
878.014	84
878.065	86
878.115	86
878.166	88
878.216	88
878.267	84
878.318	74
878.368	88
878.419	76
878.469	82
878.52	86
878.57	86
878.621	84
878.671	86
878.722	82
878.772	76
878.823	82
878.873	86
878.924	74
878.974	78
879.025	74
879.075	88
879.126	78
879.176	84
879.227	84
879.277	92
879.328	88
879.378	86
879.429	86
879.479	80
879.53	90
879.58	78
879.631	80
879.681	86
879.732	82
879.782	76
879.833	84
879.883	86
879.934	74
879.984	84
880.035	74
880.085	86
880.136	80
880.186	76
880.237	88
880.287	86
880.338	84
880.388	76
880.439	78
880.489	88
880.54	94
880.59	80
880.641	84
880.691	80
880.742	86
880.792	82
880.842	84
880.893	86
880.943	72
880.994	68
881.044	84
881.095	84
881.145	84
881.196	84
881.246	80
881.297	80
881.347	92
881.398	76
881.448	74
881.499	78
881.549	80
881.6	82
881.65	74
881.701	82
881.751	78
881.802	62
881.852	66
881.902	82
881.953	86
882.003	78
882.054	84
882.104	74
882.155	82
882.205	86
882.256	82
882.306	68
882.357	76
882.407	78
882.458	84
882.508	74
882.559	86
882.609	78
882.659	74
882.71	86
882.76	78
882.811	62
882.861	88
882.912	82
882.962	74
883.013	76
883.063	76
883.114	64
883.164	92
883.214	80
883.265	70
883.315	80
883.366	78
883.416	76
883.467	80
883.517	72
883.568	80
883.618	80
883.669	78
883.719	74
883.769	80
883.82	76
883.87	66
883.921	78
883.971	70
884.022	74
884.072	74
884.123	82
884.173	84
884.223	76
884.274	82
884.324	80
884.375	88
884.425	78
884.476	74
884.526	82
884.577	76
884.627	76
884.677	74
884.728	70
884.778	78
884.829	82
884.879	84
884.93	78
884.98	78
885.03	78
885.081	74
885.131	72
885.182	74
885.232	70
885.283	76
885.333	76
885.383	80
885.434	82
885.484	64
885.535	72
885.585	78
885.635	82
885.686	70
885.736	80
885.787	70
885.837	74
885.888	76
885.938	76
885.988	76
886.039	78
886.089	80
886.14	74
886.19	68
886.241	78
886.291	76
886.341	84
886.392	72
886.442	78
886.493	74
886.543	74
886.593	72
886.644	70
886.694	82
886.745	68
886.795	68
886.845	82
886.896	80
886.946	78
886.997	78
887.047	86
887.097	68
887.148	76
887.198	64
887.249	68
887.299	68
887.349	80
887.4	64
887.45	80
887.501	72
887.551	68
887.602	68
887.652	82
887.702	74
887.753	72
887.803	70
887.853	78
887.904	84
887.954	82
888.005	74
888.055	80
888.105	68
888.156	72
888.206	70
888.257	70
888.307	76
888.357	64
888.408	56
888.458	66
888.509	76
888.559	74
888.609	66
888.66	80
888.71	78
888.76	72
888.811	66
888.861	68
888.912	72
888.962	54
889.012	68
889.063	70
889.113	72
889.163	72
889.214	68
889.264	72
889.315	64
889.365	66
889.415	64
889.466	82
889.516	78
889.566	66
889.617	74
889.667	76
889.718	74
889.768	62
889.818	70
889.869	80
889.919	56
889.969	66
890.02	66
890.07	72
890.12	76
890.171	68
890.221	72
890.272	70
890.322	70
890.372	76
890.423	70
890.473	56
890.523	74
890.574	70
890.624	68
890.674	66
890.725	72
890.775	66
890.826	72
890.876	74
890.926	68
890.977	70
891.027	72
891.077	64
891.128	72
891.178	64
891.228	72
891.279	68
891.329	72
891.379	62
891.43	68
891.48	54
891.53	80
891.581	72
891.631	66
891.681	54
891.732	62
891.782	64
891.832	70
891.883	56
891.933	70
891.983	66
892.034	66
892.084	56
892.134	74
892.185	70
892.235	64
892.286	74
892.336	66
892.386	66
892.437	64
892.487	66
892.537	70
892.587	72
892.638	58
892.688	62
892.738	60
892.789	70
892.839	62
892.889	72
892.94	60
892.99	76
893.04	56
893.091	56
893.141	74
893.191	74
893.242	62
893.292	64
893.342	76
893.393	68
893.443	60
893.493	68
893.544	72
893.594	66
893.644	60
893.695	72
893.745	66
893.795	72
893.846	64
893.896	66
893.946	64
893.996	68
894.047	64
894.097	68
894.147	66
894.198	62
894.248	66
894.298	64
894.349	64
894.399	80
894.449	62
894.5	74
894.55	60
894.6	70
894.65	60
894.701	60
894.751	56
894.801	64
894.852	58
894.902	58
894.952	64
895.003	72
895.053	62
895.103	70
895.153	48
895.204	64
895.254	66
895.304	60
895.355	46
895.405	60
895.455	66
895.505	64
895.556	56
895.606	60
895.656	60
895.707	66
895.757	62
895.807	66
895.858	60
895.908	62
895.958	60
896.008	70
896.059	68
896.109	48
896.159	70
896.21	68
896.26	70
896.31	60
896.36	62
896.411	68
896.461	64
896.511	58
896.561	54
896.612	64
896.662	60
896.712	62
896.763	58
896.813	66
896.863	66
896.913	62
896.964	62
897.014	64
897.064	60
897.115	54
897.165	62
897.215	64
897.265	70
897.316	68
897.366	50
897.416	66
897.466	64
897.517	54
897.567	66
897.617	54
897.667	66
897.718	70
897.768	54
897.818	72
897.868	68
897.919	56
897.969	62
898.019	54
898.069	60
898.12	58
898.17	66
898.22	60
898.27	64
898.321	66
898.371	60
898.421	50
898.471	66
898.522	64
898.572	70
898.622	64
898.672	64
898.723	58
898.773	70
898.823	62
898.873	56
898.924	70
898.974	58
899.024	48
899.074	56
899.125	57
899.175	50
899.225	56
899.275	62
899.326	56
899.376	62
899.426	50
899.476	58
899.527	64
899.577	58
899.627	52
899.677	66
899.728	60
899.778	54
899.828	66
899.878	68
899.928	64
899.979	44
