520.044	56
520.097	54
520.149	38
520.201	58
520.254	50
520.306	52
520.359	40
520.411	48
520.464	42
520.516	58
520.569	44
520.621	58
520.674	44
520.726	54
520.778	40
520.831	56
520.883	56
520.936	52
520.988	44
521.041	56
521.093	50
521.146	52
521.198	46
521.25	48
521.303	46
521.355	54
521.408	54
521.46	56
521.513	56
521.565	60
521.617	46
521.67	54
521.722	58
521.775	54
521.827	42
521.88	54
521.932	52
521.984	52
522.037	44
522.089	52
522.142	54
522.194	44
522.247	48
522.299	46
522.352	52
522.404	54
522.456	54
522.509	44
522.561	52
522.614	54
522.666	58
522.719	38
522.771	64
522.823	62
522.876	40
522.928	52
522.981	52
523.033	54
523.086	48
523.138	44
523.19	50
523.243	40
523.295	50
523.348	48
523.4	48
523.453	56
523.505	52
523.557	48
523.61	50
523.662	48
523.715	50
523.767	48
523.82	50
523.872	56
523.924	52
523.977	44
524.029	54
524.082	62
524.134	56
524.186	56
524.239	50
524.291	58
524.344	58
524.396	48
524.449	60
524.501	56
524.553	54
524.606	38
524.658	54
524.711	54
524.763	50
524.815	48
524.868	60
524.92	56
524.973	64
525.025	50
525.078	58
525.13	54
525.182	42
525.235	48
525.287	50
525.34	56
525.392	62
525.444	52
525.497	58
525.549	52
525.602	52
525.654	48
525.706	56
525.759	54
525.811	54
525.864	44
525.916	60
525.969	50
526.021	60
526.073	46
526.126	58
526.178	52
526.231	58
526.283	48
526.335	56
526.388	58
526.44	64
526.493	60
526.545	64
526.597	62
526.65	56
526.702	60
526.755	58
526.807	54
526.859	52
526.912	58
526.964	56
527.017	56
527.069	58
527.121	54
527.174	54
527.226	56
527.279	54
527.331	48
527.383	52
527.436	64
527.488	54
527.54	60
527.593	48
527.645	60
527.698	62
527.75	56
527.802	56
527.855	62
527.907	60
527.96	58
528.012	50
528.064	56
528.117	58
528.169	70
528.222	52
528.274	60
528.326	62
528.379	62
528.431	56
528.484	58
528.536	64
528.588	48
528.641	48
528.693	64
528.745	56
528.798	60
528.85	50
528.903	52
528.955	60
529.007	58
529.06	46
529.112	56
529.164	52
529.217	64
529.269	44
529.322	58
529.374	64
529.426	52
529.479	52
529.531	58
529.584	54
529.636	62
529.688	54
529.741	60
529.793	58
529.845	58
529.898	56
529.95	56
530.003	66
530.055	58
530.107	54
530.16	48
530.212	60
530.264	60
530.317	58
530.369	50
530.422	56
530.474	58
530.526	58
530.579	64
530.631	66
530.683	62
530.736	62
530.788	68
530.841	82
530.893	62
530.945	70
530.998	68
531.05	60
531.102	56
531.155	68
531.207	56
531.259	54
531.312	58
531.364	64
531.417	64
531.469	70
531.521	64
531.574	58
531.626	62
531.678	80
531.731	68
531.783	60
531.835	50
531.888	76
531.94	68
531.992	72
532.045	62
532.097	66
532.15	78
532.202	66
532.254	58
532.307	72
532.359	66
532.411	76
532.464	64
532.516	72
532.568	70
532.621	70
532.673	62
532.726	68
532.778	54
532.83	70
532.883	56
532.935	72
532.987	64
533.04	80
533.092	64
533.144	66
533.197	62
533.249	68
533.301	60
533.354	70
533.406	66
533.458	72
533.511	62
533.563	68
533.615	66
533.668	62
533.72	50
533.773	72
533.825	72
533.877	64
533.93	70
533.982	60
534.034	74
534.087	70
534.139	72
534.191	70
534.244	68
534.296	80
534.348	70
534.401	70
534.453	68
534.505	66
534.558	66
534.61	74
534.662	76
534.715	78
534.767	74
534.819	66
534.872	72
534.924	64
534.976	70
535.029	62
535.081	80
535.133	72
535.186	72
535.238	68
535.29	66
535.343	72
535.395	64
535.447	60
535.5	68
535.552	74
535.604	76
535.657	66
535.709	64
535.761	62
535.814	76
535.866	60
535.918	72
535.971	70
536.023	74
536.075	68
536.128	68
536.18	68
536.232	82
536.285	56
536.337	66
536.389	72
536.442	64
536.494	56
536.546	74
536.599	60
536.651	70
536.703	68
536.755	72
536.808	80
536.86	70
536.912	70
536.965	78
537.017	70
537.069	58
537.122	64
537.174	74
537.226	68
537.279	70
537.331	68
537.383	66
537.436	78
537.488	60
537.54	62
537.593	72
537.645	70
537.697	68
537.75	68
537.802	80
537.854	68
537.906	70
537.959	70
538.011	62
538.063	70
538.116	82
538.168	76
538.22	78
538.273	70
538.325	80
538.377	74
538.43	72
538.482	80
538.534	72
538.586	72
538.639	72
538.691	76
538.743	76
538.796	66
538.848	64
538.9	76
538.953	76
539.005	70
539.057	74
539.109	76
539.162	76
539.214	76
539.266	70
539.319	78
539.371	70
539.423	74
539.476	68
539.528	78
539.58	76
539.633	70
539.685	66
539.737	74
539.789	72
539.842	78
539.894	68
539.946	70
539.999	80
540.051	72
540.103	70
540.155	80
540.208	82
540.26	76
540.312	84
540.365	78
540.417	90
540.469	80
540.521	78
540.574	82
540.626	88
540.678	70
540.731	78
540.783	88
540.835	90
540.888	84
540.94	74
540.992	90
541.044	88
541.097	90
541.149	76
541.201	78
541.254	82
541.306	94
541.358	88
541.41	96
541.463	92
541.515	80
541.567	80
541.62	92
541.672	92
541.724	104
541.776	90
541.829	92
541.881	86
541.933	90
541.985	86
542.038	78
542.09	88
542.142	92
542.195	96
542.247	88
542.299	84
542.351	96
542.404	74
542.456	96
542.508	84
542.56	80
542.613	86
542.665	82
542.717	90
542.77	100
542.822	92
542.874	82
542.926	86
542.979	98
543.031	94
543.083	92
543.135	96
543.188	90
543.24	86
543.292	90
543.344	86
543.397	84
543.449	88
543.501	92
543.554	98
543.606	94
543.658	84
543.71	80
543.763	86
543.815	90
543.867	86
543.919	84
543.972	94
544.024	102
544.076	90
544.128	86
544.181	102
544.233	96
544.285	84
544.337	88
544.39	90
544.442	94
544.494	94
544.547	80
544.599	90
544.651	98
544.703	88
544.755	84
544.808	96
544.86	82
544.912	108
544.965	94
545.017	92
545.069	90
545.121	90
545.174	86
545.226	96
545.278	98
545.33	110
545.383	100
545.435	104
545.487	100
545.539	90
545.591	104
545.644	90
545.696	104
545.748	98
545.8	104
545.853	108
545.905	106
545.957	108
546.009	100
546.062	100
546.114	98
546.166	112
546.218	104
546.271	100
546.323	114
546.375	102
546.427	104
546.48	88
546.532	114
546.584	108
546.636	94
546.689	114
546.741	102
546.793	118
546.845	96
546.898	104
546.95	110
547.002	112
547.054	102
547.106	100
547.159	116
547.211	112
547.263	118
547.315	112
547.368	118
547.42	120
547.472	118
547.524	120
547.577	126
547.629	114
547.681	112
547.733	128
547.785	120
547.838	110
547.89	118
547.942	112
547.994	122
548.047	118
548.099	120
548.151	122
548.203	122
548.255	118
548.308	112
548.36	108
548.412	120
548.464	118
548.517	114
548.569	110
548.621	130
548.673	128
548.725	112
548.778	110
548.83	110
548.882	112
548.934	126
548.987	128
549.039	130
549.091	114
549.143	130
549.195	130
549.248	126
549.3	140
549.352	126
549.404	132
549.456	128
549.509	128
549.561	116
549.613	126
549.665	126
549.718	128
549.77	138
549.822	122
549.874	138
549.926	132
549.979	136
550.031	110
550.083	134
550.135	126
550.187	136
550.24	128
550.292	136
550.344	138
550.396	124
550.448	124
550.501	140
550.553	150
550.605	148
550.657	138
550.709	142
550.762	142
550.814	136
550.866	132
550.918	140
550.97	144
551.023	154
551.075	150
551.127	146
551.179	156
551.231	166
551.284	160
551.336	154
551.388	162
551.44	164
551.492	164
551.545	172
551.597	180
551.649	192
551.701	164
551.753	190
551.806	170
551.858	206
551.91	204
551.962	216
552.014	236
552.067	268
552.119	296
552.171	314
552.223	356
552.275	434
552.327	592
552.38	980
552.432	2086
552.484	4242
552.536	7618
552.588	12050
552.641	16276
552.693	18826
552.745	14812
552.797	7548
552.849	2866
552.901	1222
552.954	678
553.006	476
553.058	394
553.11	338
553.162	286
553.215	254
553.267	238
553.319	228
553.371	204
553.423	208
553.475	200
553.528	188
553.58	194
553.632	178
553.684	148
553.736	188
553.788	170
553.841	166
553.893	176
553.945	168
553.997	172
554.049	164
554.102	166
554.154	160
554.206	158
554.258	158
554.31	150
554.362	158
554.414	152
554.467	150
554.519	144
554.571	138
554.623	160
554.675	148
554.727	146
554.78	144
554.832	152
554.884	136
554.936	138
554.988	124
555.04	152
555.093	132
555.145	158
555.197	162
555.249	154
555.301	154
555.353	134
555.406	142
555.458	142
555.51	144
555.562	148
555.614	158
555.666	142
555.719	154
555.771	142
555.823	156
555.875	156
555.927	146
555.979	148
556.031	146
556.084	150
556.136	144
556.188	162
556.24	150
556.292	162
556.344	152
556.396	154
556.449	168
556.501	170
556.553	168
556.605	160
556.657	168
556.709	162
556.762	166
556.814	150
556.866	148
556.918	172
556.97	166
557.022	170
557.074	164
557.127	160
557.179	170
557.231	150
557.283	164
557.335	166
557.387	160
557.439	160
557.492	166
557.544	166
557.596	164
557.648	162
557.7	150
557.752	162
557.804	158
557.856	164
557.909	164
557.961	168
558.013	158
558.065	178
558.117	152
558.169	148
558.221	174
558.273	170
558.326	154
558.378	166
558.43	158
558.482	170
558.534	180
558.586	168
558.638	174
558.691	164
558.743	150
558.795	166
558.847	168
558.899	164
558.951	160
559.003	172
559.055	156
559.108	148
559.16	184
559.212	180
559.264	164
559.316	166
559.368	160
559.42	174
559.472	162
559.525	162
559.577	170
559.629	176
559.681	174
559.733	166
559.785	162
559.837	166
559.889	172
559.941	178
559.994	160
560.046	190
560.098	170
560.15	180
560.202	172
560.254	176
560.306	160
560.358	170
560.41	156
560.463	180
560.515	184
560.567	174
560.619	174
560.671	182
560.723	182
560.775	180
560.827	178
560.879	194
560.932	172
560.984	184
561.036	190
561.088	178
561.14	182
561.192	172
561.244	174
561.296	190
561.348	190
561.4	184
561.453	190
561.505	206
561.557	194
561.609	192
561.661	194
561.713	190
561.765	188
561.817	186
561.869	202
561.921	196
561.974	196
562.026	196
562.078	196
562.13	194
562.182	184
562.234	194
562.286	190
562.338	200
562.39	206
562.442	224
562.494	208
562.547	208
562.599	212
562.651	208
562.703	204
562.755	210
562.807	208
562.859	196
562.911	194
562.963	210
563.015	218
563.067	218
563.12	216
563.172	210
563.224	216
563.276	212
563.328	214
563.38	218
563.432	222
563.484	222
563.536	224
563.588	230
563.64	218
563.692	236
563.744	218
563.797	218
563.849	224
563.901	234
563.953	234
564.005	216
564.057	222
564.109	226
564.161	218
564.213	234
564.265	230
564.317	246
564.369	250
564.421	228
564.474	226
564.526	228
564.578	244
564.63	224
564.682	246
564.734	228
564.786	222
564.838	240
564.89	236
564.942	236
564.994	248
565.046	226
565.098	238
565.15	240
565.202	240
565.255	226
565.307	240
565.359	222
565.411	230
565.463	254
565.515	240
565.567	230
565.619	236
565.671	212
565.723	238
565.775	236
565.827	244
565.879	246
565.931	244
565.983	238
566.035	238
566.087	248
566.139	226
566.192	256
566.244	232
566.296	244
566.348	240
566.4	252
566.452	262
566.504	238
566.556	254
566.608	232
566.66	252
566.712	250
566.764	240
566.816	240
566.868	254
566.92	244
566.972	246
567.024	252
567.076	246
567.128	240
567.18	264
567.232	266
567.285	250
567.337	244
567.389	248
567.441	268
567.493	248
567.545	254
567.597	272
567.649	258
567.701	254
567.753	252
567.805	256
567.857	270
567.909	262
567.961	266
568.013	260
568.065	270
568.117	285.85
568.169	273.698
568.221	257.85
568.273	269.591
568.325	271.452
568.377	273.181
568.429	283.105
568.481	283.091
568.533	284.816
568.585	279.142
568.637	271.892
568.69	279.656
568.742	279.99
568.794	281.352
568.846	285.495
568.898	289.536
568.95	293.116
569.002	299.09
569.054	297.973
569.106	298.21
569.158	306.792
569.21	292.165
569.262	284.174
569.314	302.94
569.366	307.51
569.418	310.47
569.47	298.749
569.522	308.777
569.574	301.883
569.626	274.767
569.678	281.383
569.73	294.336
569.782	300.121
569.834	303.287
569.886	280.741
569.938	310.168
569.99	312.991
570.042	305.867
570.094	291.609
570.146	306.196
570.198	305.145
570.25	294.346
570.302	298.189
570.354	299.666
570.406	298.917
570.458	303.72
570.51	301.829
570.562	309.199
570.614	297.11
570.666	317.98
570.718	306.761
570.77	311.64
570.822	314.461
570.874	318.1
570.926	320.815
570.978	320.931
571.03	309.391
571.082	324.25
571.134	323.045
571.186	332.283
571.238	332.545
571.29	320.597
571.342	330.307
571.394	318.505
571.446	330.263
571.498	338.605
571.55	329.541
571.602	334.457
571.654	343.991
571.706	348.725
571.758	335.76
571.81	341.661
571.862	352.756
571.914	359.35
571.966	353.003
572.018	368.499
572.07	371.114
572.122	373.717
572.174	369.422
572.226	374.41
572.278	376.333
572.33	384.487
572.382	378.492
572.434	384.542
572.486	400.652
572.538	402.763
572.59	409.099
572.642	402.199
572.694	397.44
572.746	394.025
572.798	408.374
572.85	423.208
572.902	422.45
572.954	425.492
573.006	439.25
573.058	432.559
573.11	453.637
573.162	438.15
573.214	438.848
573.266	446.378
573.312	478
573.364	446
573.416	460
573.469	462
573.521	486
573.573	472
573.625	484
573.677	460
573.73	490
573.782	476
573.834	516
573.886	498
573.938	524
573.991	546
574.043	516
574.095	546
574.147	544
574.199	514
574.252	550
574.304	542
574.356	528
574.408	550
574.46	576
574.513	570
574.565	586
574.617	592
574.669	570
574.721	570
574.774	616
574.826	616
574.878	602
574.93	600
574.982	612
575.035	636
575.087	628
575.139	598
575.191	630
575.243	628
575.296	636
575.348	616
575.4	636
575.452	616
575.504	640
575.556	618
575.609	626
575.661	646
575.713	622
575.765	636
575.817	642
575.87	634
575.922	648
575.974	632
576.026	620
576.078	634
576.131	630
576.183	614
576.235	646
576.287	634
576.339	612
576.391	618
576.444	598
576.496	604
576.548	620
576.6	614
576.652	626
576.705	610
576.757	556
576.809	582
576.861	568
576.913	590
576.965	568
577.018	576
577.07	586
577.122	562
577.174	556
577.226	580
577.279	570
577.331	570
577.383	554
577.435	560
577.487	530
577.539	552
577.592	522
577.644	542
577.696	546
577.748	536
577.8	526
577.852	544
577.905	514
577.957	504
578.009	526
578.061	526
578.113	512
578.165	518
578.218	508
578.27	508
578.322	502
578.374	508
578.426	498
578.478	518
578.531	504
578.583	476
578.635	506
578.687	502
578.739	498
578.791	502
578.844	480
578.896	490
578.948	514
579	496
579.052	492
579.104	500
579.157	490
579.209	500
579.261	494
579.313	474
579.365	484
579.417	490
579.47	496
579.522	510
579.574	488
579.626	482
579.678	516
579.73	504
579.782	456
579.835	516
579.887	506
579.939	494
579.991	518
580.043	494
580.095	504
580.148	492
580.2	516
580.252	516
580.304	488
580.356	494
580.408	494
580.46	498
580.513	514
580.565	490
580.617	494
580.669	510
580.721	512
580.773	520
580.826	488
580.878	520
580.93	498
580.982	498
581.034	520
581.086	510
581.138	502
581.191	530
581.243	534
581.295	522
581.347	516
581.399	486
581.451	518
581.503	526
581.556	516
581.608	524
581.66	500
581.712	530
581.764	518
581.816	532
581.868	526
581.92	546
581.973	524
582.025	546
582.077	536
582.129	526
582.181	546
582.233	546
582.285	522
582.338	528
582.39	518
582.442	536
582.494	524
582.546	538
582.598	528
582.65	532
582.703	542
582.755	536
582.807	538
582.859	532
582.911	568
582.963	542
583.015	560
583.067	534
583.12	546
583.172	548
583.224	542
583.276	548
583.328	528
583.38	548
583.432	556
583.484	558
583.537	566
583.589	542
583.641	566
583.693	562
583.745	554
583.797	574
583.849	574
583.901	580
583.953	576
584.006	558
584.058	580
584.11	578
584.162	574
584.214	578
584.266	586
584.318	574
584.37	604
584.423	572
584.475	596
584.527	594
584.579	612
584.631	618
584.683	608
584.735	580
584.787	612
584.839	604
584.892	592
584.944	608
584.996	624
585.048	630
585.1	608
585.152	590
585.204	618
585.256	626
585.308	606
585.361	628
585.413	638
585.465	602
585.517	630
585.569	628
585.621	618
585.673	630
585.725	616
585.777	622
585.83	658
585.882	638
585.934	644
585.986	660
586.038	640
586.09	652
586.142	660
586.194	662
586.246	676
586.298	666
586.351	662
586.403	632
586.455	678
586.507	686
586.559	662
586.611	662
586.663	652
586.715	660
586.767	684
586.819	664
586.872	674
586.924	692
586.976	666
587.028	674
587.08	656
587.132	702
587.184	662
587.236	686
587.288	712
587.34	676
587.392	648
587.445	676
587.497	680
587.549	656
587.601	668
587.653	654
587.705	672
587.757	676
587.809	722
587.861	672
587.913	692
587.965	646
588.018	676
588.07	684
588.122	682
588.174	694
588.226	674
588.278	690
588.33	670
588.382	690
588.434	706
588.486	714
588.538	712
588.59	682
588.642	688
588.695	710
588.747	704
588.799	694
588.851	710
588.903	716
588.955	720
589.007	728
589.059	728
589.111	732
589.163	730
589.215	738
589.267	750
589.319	746
589.372	726
589.424	766
589.476	754
589.528	742
589.58	768
589.632	764
589.684	774
589.736	742
589.788	754
589.84	782
589.892	782
589.944	780
589.996	742
590.048	766
590.101	728
590.153	744
590.205	734
590.257	750
590.309	732
590.361	720
590.413	720
590.465	726
590.517	722
590.569	708
590.621	738
590.673	740
590.725	744
590.777	714
590.829	710
590.881	756
590.933	726
590.986	686
591.038	728
591.09	730
591.142	734
591.194	728
591.246	722
591.298	702
591.35	682
591.402	706
591.454	726
591.506	664
591.558	662
591.61	702
591.662	692
591.714	688
591.766	694
591.818	706
591.87	668
591.923	666
591.975	690
592.027	672
592.079	672
592.131	658
592.183	678
592.235	692
592.287	712
592.339	662
592.391	692
592.443	686
592.495	672
592.547	684
592.599	674
592.651	684
592.703	680
592.755	702
592.807	694
592.859	684
592.911	680
592.963	662
593.015	684
593.068	684
593.12	692
593.172	662
593.224	670
593.276	668
593.328	662
593.38	698
593.432	662
593.484	682
593.536	690
593.588	670
593.64	716
593.692	680
593.744	690
593.796	688
593.848	670
593.9	680
593.952	708
594.004	688
594.056	684
594.108	668
594.16	686
594.212	680
594.264	696
594.316	678
594.368	688
594.42	678
594.472	704
594.524	688
594.576	702
594.628	692
594.68	676
594.732	686
594.784	694
594.837	696
594.889	690
594.941	704
594.993	714
595.045	724
595.097	686
595.149	696
595.201	700
595.253	716
595.305	702
595.357	726
595.409	686
595.461	722
595.513	738
595.565	732
595.617	702
595.669	710
595.721	734
595.773	708
595.825	730
595.877	732
595.929	746
595.981	726
596.033	720
596.085	722
596.137	728
596.189	724
596.241	750
596.293	740
596.345	746
596.397	726
596.449	732
596.501	756
596.553	718
596.605	756
596.657	736
596.709	770
596.761	736
596.813	764
596.865	744
596.917	734
596.969	744
597.021	750
597.073	734
597.125	716
597.177	734
597.229	754
597.281	734
597.333	726
597.385	720
597.437	738
597.489	730
597.541	736
597.593	734
597.645	706
597.697	712
597.749	702
597.801	716
597.853	688
597.905	734
597.957	764
598.009	702
598.061	742
598.113	760
598.165	724
598.217	730
598.269	736
598.321	738
598.373	748
598.425	728
598.477	722
598.529	744
598.581	716
598.633	734
598.685	766
598.737	698
598.789	742
598.841	714
598.893	760
598.945	748
598.997	744
599.049	768
599.101	742
599.153	748
599.205	762
599.257	700
599.309	728
599.361	738
599.413	764
599.465	704
599.517	738
599.569	714
599.62	736
599.672	730
599.724	750
599.776	716
599.828	750
599.88	744
599.932	732
599.984	746
600.036	762
600.088	758
600.14	748
600.192	750
600.244	766
600.296	752
600.348	750
600.4	732
600.452	722
600.504	746
600.556	726
600.608	762
600.66	752
600.712	750
600.764	750
600.816	748
600.868	732
600.92	746
600.972	738
601.024	760
601.076	768
601.128	746
601.18	742
601.232	750
601.284	708
601.335	746
601.387	750
601.439	722
601.491	740
601.543	744
601.595	722
601.647	734
601.699	732
601.751	738
601.803	718
601.855	730
601.907	754
601.959	744
602.011	742
602.063	724
602.115	716
602.167	732
602.219	772
602.271	752
602.323	766
602.375	752
602.427	736
602.478	754
602.53	762
602.582	734
602.634	744
602.686	744
602.738	724
602.79	738
602.842	730
602.894	774
602.946	778
602.998	762
603.05	746
603.102	754
603.154	740
603.206	764
603.258	738
603.31	746
603.362	720
603.413	764
603.465	758
603.517	774
603.569	710
603.621	760
603.673	762
603.725	746
603.777	760
603.829	744
603.881	768
603.933	740
603.985	736
604.037	738
604.089	770
604.141	754
604.193	750
604.244	758
604.296	770
604.348	758
604.4	750
604.452	752
604.504	772
604.556	740
604.608	738
604.66	758
604.712	764
604.764	748
604.816	778
604.868	754
604.92	766
604.971	764
605.023	756
605.075	776
605.127	740
605.179	740
605.231	748
605.283	764
605.335	780
605.387	774
605.439	768
605.491	758
605.543	756
605.594	764
605.646	748
605.698	748
605.75	752
605.802	746
605.854	778
605.906	736
605.958	768
606.01	758
606.062	730
606.114	776
606.166	746
606.217	770
606.269	736
606.321	738
606.373	774
606.425	764
606.477	746
606.529	734
606.581	762
606.633	746
606.685	768
606.737	748
606.789	740
606.84	768
606.892	754
606.944	742
606.996	738
607.048	718
607.1	752
607.152	766
607.204	762
607.256	716
607.308	734
607.359	736
607.411	756
607.463	736
607.515	744
607.567	766
607.619	764
607.671	770
607.723	772
607.775	758
607.827	778
607.878	748
607.93	756
607.982	792
608.034	786
608.086	758
608.138	788
608.19	764
608.242	786
608.294	782
608.345	778
608.397	766
608.449	794
608.501	780
608.553	784
608.605	760
608.657	760
608.709	764
608.761	756
608.812	782
608.864	776
608.916	764
608.968	782
609.02	788
609.072	780
609.124	760
609.176	776
609.228	802
609.279	780
609.331	810
609.383	784
609.435	784
609.487	812
609.539	790
609.591	782
609.643	782
609.694	788
609.746	808
609.798	810
609.85	780
609.902	784
609.954	764
610.006	778
610.058	828
610.109	794
610.161	798
610.213	796
610.265	788
610.317	812
610.369	792
610.421	816
610.473	796
610.524	752
610.576	774
610.628	780
610.68	762
610.732	802
610.784	818
610.836	794
610.887	794
610.939	820
610.991	828
611.043	782
611.095	808
611.147	796
611.199	814
611.25	796
611.302	798
611.354	798
611.406	792
611.458	808
611.51	786
611.562	808
611.614	810
611.665	806
611.717	824
611.769	794
611.821	824
611.873	798
611.925	816
611.977	824
612.028	788
612.08	814
612.132	802
612.184	828
612.236	810
612.288	814
612.339	830
612.391	806
612.443	828
612.495	826
612.547	822
612.599	808
612.651	818
612.702	836
612.754	808
612.806	830
612.858	836
612.91	808
612.962	836
613.013	832
613.065	812
613.117	846
613.169	834
613.221	846
613.273	824
613.325	812
613.376	832
613.428	832
613.48	814
613.532	822
613.584	870
613.635	810
613.687	874
613.739	808
613.791	856
613.843	828
613.895	838
613.947	850
613.998	850
614.05	838
614.102	840
614.154	838
614.206	858
614.258	834
614.309	860
614.361	830
614.413	854
614.465	832
614.517	876
614.568	856
614.62	864
614.672	854
614.724	874
614.776	862
614.828	870
614.879	876
614.931	862
614.983	864
615.035	898
615.087	870
615.139	882
615.19	826
615.242	862
615.294	870
615.346	892
615.398	858
615.449	896
615.501	866
615.553	872
615.605	878
615.657	868
615.709	858
615.76	888
615.812	860
615.864	872
615.916	846
615.968	888
616.019	847.877
616.071	901.007
616.123	896.575
616.175	878.6
616.227	888.425
616.278	896.186
616.33	880.81
616.382	842.464
616.434	877.656
616.486	856.928
616.537	894.403
616.589	851.499
616.641	890.991
616.693	887.332
616.745	884.393
616.797	905.962
616.848	899.644
616.9	888.73
616.952	872.382
617.004	861.784
617.056	879.496
617.107	894.135
617.159	860.762
617.211	882.07
617.263	853.516
617.315	901.363
617.366	895.316
617.418	877.562
617.47	889.899
617.522	895.789
617.573	894.373
617.625	854
617.677	893.257
617.729	871.245
617.781	879.71
617.832	871.784
617.884	900.097
617.936	888.36
617.988	892.375
618.04	890.274
618.091	904.37
618.143	898.054
618.195	900.311
618.247	903.776
618.299	882.95
618.35	889.948
618.402	881.706
618.454	890.716
618.506	904.096
618.557	890.576
618.609	917.051
618.661	911.021
618.713	899.641
618.765	884.822
618.816	914.012
618.868	898.396
618.92	904.696
618.972	901.943
619.023	896.39
619.075	906.22
619.127	881.383
619.179	906.764
619.231	915.686
619.282	895.447
619.334	892.109
619.386	902.678
619.438	887.558
619.49	925.762
619.541	902.816
619.593	906.031
619.645	913.043
619.697	894.679
619.748	915.433
619.8	889.692
619.852	894.907
619.904	871.976
619.955	898.655
620.007	905.529
620.059	906.333
620.111	909.71
620.162	924.73
620.214	899.824
620.266	901.669
620.318	897.658
620.37	898.579
620.421	903.275
620.473	902.599
620.525	894.697
620.577	909.959
620.628	885.81
620.68	888.841
620.732	910.304
620.784	916.234
620.835	906.47
620.887	900.458
620.939	907.505
620.991	903.444
621.042	890.752
621.094	873.979
621.146	897.017
621.198	917.018
621.249	881.885
621.269	860
621.321	902
621.373	904
621.425	906
621.477	884
621.529	908
621.581	890
621.633	924
621.685	862
621.737	886
621.789	898
621.841	904
621.893	898
621.945	862
621.997	892
622.049	872
622.101	894
622.153	886
622.205	920
622.257	882
622.309	874
622.361	896
622.413	880
622.465	898
622.517	894
622.569	906
622.621	892
622.673	904
622.725	902
622.776	904
622.828	914
622.88	880
622.932	878
622.984	878
623.036	894
623.088	936
623.14	900
623.192	920
623.244	950
623.296	942
623.348	900
623.4	906
623.452	922
623.504	948
623.556	902
623.608	910
623.66	896
623.712	918
623.764	914
623.816	892
623.868	888
623.92	906
623.972	898
624.024	892
624.076	916
624.128	900
624.18	924
624.232	928
624.284	914
624.336	936
624.388	908
624.44	892
624.492	878
624.544	936
624.596	934
624.648	892
624.699	940
624.751	908
624.803	932
624.855	914
624.907	924
624.959	916
625.011	912
625.063	928
625.115	922
625.167	904
625.219	886
625.271	914
625.323	950
625.375	944
625.427	916
625.479	928
625.531	896
625.583	912
625.635	922
625.687	924
625.739	916
625.791	934
625.843	912
625.895	926
625.946	928
625.998	928
626.05	940
626.102	918
626.154	920
626.206	930
626.258	926
626.31	934
626.362	910
626.414	938
626.466	916
626.518	934
626.57	924
626.622	960
626.674	932
626.726	936
626.778	938
626.83	938
626.882	940
626.934	984
626.985	934
627.037	948
627.089	930
627.141	920
627.193	908
627.245	946
627.297	938
627.349	944
627.401	952
627.453	960
627.505	942
627.557	982
627.609	924
627.661	966
627.713	922
627.765	940
627.817	942
627.868	924
627.92	948
627.972	960
628.024	954
628.076	952
628.128	932
628.18	936
628.232	946
628.284	946
628.336	964
628.388	954
628.44	956
628.492	966
628.544	946
628.596	956
628.647	954
628.699	944
628.751	956
628.803	956
628.855	930
628.907	956
628.959	956
629.011	934
629.063	970
629.115	966
629.167	928
629.219	940
629.271	952
629.322	958
629.374	954
629.426	950
629.478	964
629.53	948
629.582	948
629.634	940
629.686	966
629.738	928
629.79	942
629.842	944
629.894	930
629.945	966
629.997	964
630.049	968
630.101	974
630.153	970
630.205	966
630.257	954
630.309	962
630.361	966
630.413	962
630.465	962
630.517	974
630.568	946
630.62	980
630.672	960
630.724	974
630.776	976
630.828	962
630.88	982
630.932	1008
630.984	986
631.036	982
631.088	978
631.14	986
631.191	982
631.243	998
631.295	958
631.347	960
631.399	952
631.451	982
631.503	948
631.555	984
631.607	996
631.659	1010
631.71	1012
631.762	976
631.814	976
631.866	1010
631.918	1002
631.97	986
632.022	1000
632.074	1014
632.126	996
632.178	980
632.229	966
632.281	1006
632.333	988
632.385	958
632.437	1022
632.489	1034
632.541	994
632.593	1034
632.645	1042
632.696	1016
632.748	1022
632.8	956
632.852	992
632.904	1032
632.956	992
633.008	1014
633.06	1022
633.112	1024
633.164	1000
633.215	1044
633.267	998
633.319	1008
633.371	1018
633.423	1028
633.475	1012
633.527	1052
633.579	1020
633.63	1016
633.682	1008
633.734	1056
633.786	1014
633.838	1052
633.89	1028
633.942	1038
633.994	1020
634.046	1064
634.097	1030
634.149	1026
634.201	1050
634.253	1052
634.305	1048
634.357	1082
634.409	1052
634.461	1038
634.512	1060
634.564	1072
634.616	1078
634.668	1078
634.72	1046
634.772	1074
634.824	1088
634.876	1054
634.927	1048
634.979	1078
635.031	1070
635.083	1080
635.135	1064
635.187	1070
635.239	1104
635.291	1092
635.342	1092
635.394	1086
635.446	1056
635.498	1084
635.55	1082
635.602	1092
635.654	1102
635.705	1118
635.757	1106
635.809	1114
635.861	1114
635.913	1118
635.965	1138
636.017	1138
636.068	1136
636.12	1122
636.172	1134
636.224	1122
636.276	1148
636.328	1082
636.38	1130
636.431	1150
636.483	1152
636.535	1134
636.587	1162
636.639	1120
636.691	1144
636.743	1134
636.794	1140
636.846	1164
636.898	1146
636.95	1160
637.002	1160
637.054	1180
637.106	1120
637.157	1186
637.209	1132
637.261	1178
637.313	1188
637.365	1180
637.417	1164
637.469	1152
637.52	1184
637.572	1204
637.624	1158
637.676	1170
637.728	1180
637.78	1216
637.831	1200
637.883	1202
637.935	1184
637.987	1190
638.039	1200
638.091	1156
638.143	1172
638.194	1180
638.246	1188
638.298	1180
638.35	1190
638.402	1174
638.454	1180
638.505	1212
638.557	1166
638.609	1168
638.661	1218
638.713	1162
638.765	1172
638.816	1212
638.868	1186
638.92	1150
638.972	1154
639.024	1188
639.076	1156
639.127	1184
639.179	1152
639.231	1132
639.283	1174
639.335	1196
639.387	1158
639.438	1162
639.49	1154
639.542	1186
639.594	1164
639.646	1168
639.698	1146
639.749	1162
639.801	1198
639.853	1158
639.905	1164
639.957	1158
640.008	1130
640.06	1160
640.112	1174
640.164	1140
640.216	1154
640.268	1132
640.319	1128
640.371	1132
640.423	1140
640.475	1142
640.527	1132
640.578	1118
640.63	1142
640.682	1126
640.734	1128
640.786	1132
640.838	1118
640.889	1140
640.941	1118
640.993	1132
641.045	1128
641.097	1148
641.148	1132
641.2	1106
641.252	1138
641.304	1118
641.356	1140
641.408	1142
641.459	1122
641.511	1126
641.563	1132
641.615	1108
641.667	1128
641.718	1116
641.77	1110
641.822	1130
641.874	1118
641.926	1118
641.977	1090
642.029	1128
642.081	1116
642.133	1082
642.185	1138
642.236	1094
642.288	1122
642.34	1130
642.392	1120
642.444	1126
642.495	1138
642.547	1104
642.599	1156
642.651	1090
642.703	1136
642.754	1114
642.806	1142
642.858	1130
642.91	1132
642.962	1092
643.013	1118
643.065	1122
643.117	1124
643.169	1132
643.221	1122
643.272	1144
643.324	1140
643.376	1108
643.428	1100
643.479	1126
643.531	1112
643.583	1102
643.635	1124
643.687	1088
643.738	1112
643.79	1128
643.842	1164
643.894	1146
643.946	1142
643.997	1122
644.049	1106
644.101	1146
644.153	1136
644.205	1100
644.256	1124
644.308	1134
644.36	1148
644.412	1132
644.463	1142
644.515	1142
644.567	1154
644.619	1138
644.671	1136
644.722	1138
644.774	1134
644.826	1118
644.878	1172
644.929	1152
644.981	1128
645.033	1132
645.085	1150
645.136	1152
645.188	1156
645.24	1130
645.292	1146
645.344	1134
645.395	1136
645.447	1130
645.499	1146
645.551	1136
645.602	1146
645.654	1150
645.706	1120
645.758	1154
645.81	1118
645.861	1160
645.913	1126
645.965	1148
646.017	1144
646.068	1164
646.12	1140
646.172	1136
646.224	1146
646.275	1132
646.327	1126
646.379	1170
646.431	1134
646.482	1126
646.534	1132
646.586	1124
646.638	1150
646.689	1146
646.741	1122
646.793	1136
646.845	1140
646.896	1148
646.948	1172
647	1174
647.052	1144
647.104	1186
647.155	1150
647.207	1174
647.259	1128
647.31	1178
647.362	1148
647.414	1112
647.466	1164
647.518	1166
647.569	1144
647.621	1154
647.673	1168
647.724	1158
647.776	1134
647.828	1156
647.88	1158
647.931	1168
647.983	1164
648.035	1186
648.087	1176
648.138	1196
648.19	1186
648.242	1150
648.294	1188
648.345	1170
648.397	1114
648.449	1132
648.501	1134
648.552	1160
648.604	1194
648.656	1180
648.708	1198
648.759	1170
648.811	1172
648.863	1160
648.915	1186
648.966	1202
649.018	1142
649.07	1136
649.121	1164
649.173	1160
649.225	1132
649.277	1120
649.328	1138
649.38	1186
649.432	1194
649.484	1204
649.535	1180
649.587	1158
649.639	1156
649.69	1154
649.742	1198
649.794	1158
649.846	1186
649.897	1158
649.949	1172
650.001	1184
650.053	1172
650.104	1216
650.156	1226
650.208	1176
650.259	1130
650.311	1188
650.363	1180
650.415	1188
650.466	1176
650.518	1168
650.57	1176
650.621	1220
650.673	1180
650.725	1176
650.777	1172
650.828	1196
650.88	1164
650.932	1214
650.984	1182
651.035	1186
651.087	1198
651.139	1180
651.19	1188
651.242	1214
651.294	1196
651.345	1206
651.397	1176
651.449	1194
651.501	1188
651.552	1178
651.604	1208
651.656	1182
651.707	1208
651.759	1194
651.811	1196
651.863	1172
651.914	1164
651.966	1174
652.018	1212
652.069	1200
652.121	1214
652.173	1220
652.224	1202
652.276	1210
652.328	1212
652.38	1224
652.431	1182
652.483	1220
652.535	1224
652.586	1196
652.638	1214
652.69	1240
652.741	1228
652.793	1214
652.845	1212
652.897	1190
652.948	1204
653	1206
653.052	1216
653.103	1218
653.155	1178
653.207	1200
653.258	1240
653.31	1238
653.362	1216
653.413	1202
653.465	1232
653.517	1208
653.568	1208
653.62	1238
653.672	1228
653.724	1218
653.775	1216
653.827	1196
653.879	1220
653.93	1250
653.982	1208
654.034	1242
654.085	1238
654.137	1188
654.189	1206
654.24	1280
654.292	1230
654.344	1276
654.395	1230
654.447	1262
654.499	1242
654.55	1240
654.602	1232
654.654	1278
654.705	1232
654.757	1242
654.809	1234
654.86	1262
654.912	1220
654.964	1292
655.016	1240
655.067	1246
655.119	1242
655.17	1274
655.222	1270
655.274	1244
655.326	1264
655.377	1282
655.429	1280
655.481	1286
655.532	1254
655.584	1254
655.635	1298
655.687	1234
655.739	1246
655.79	1296
655.842	1284
655.894	1308
655.945	1294
655.997	1286
656.049	1250
656.1	1272
656.152	1322
656.204	1276
656.255	1320
656.307	1300
656.359	1302
656.41	1326
656.462	1284
656.514	1376
656.565	1332
656.617	1330
656.669	1310
656.72	1290
656.772	1334
656.824	1300
656.875	1346
656.927	1330
656.979	1336
657.03	1314
657.082	1314
657.134	1298
657.185	1332
657.237	1330
657.288	1326
657.34	1352
657.392	1314
657.443	1306
657.495	1336
657.547	1290
657.598	1314
657.65	1294
657.702	1334
657.753	1274
657.805	1314
657.857	1268
657.908	1316
657.96	1304
658.011	1314
658.063	1256
658.115	1320
658.166	1322
658.218	1280
658.27	1336
658.321	1312
658.373	1346
658.425	1334
658.476	1320
658.528	1348
658.579	1338
658.631	1316
658.683	1316
658.734	1306
658.786	1356
658.838	1276
658.889	1326
658.941	1296
658.992	1286
659.044	1302
659.096	1304
659.147	1306
659.199	1298
659.251	1336
659.302	1296
659.354	1346
659.406	1338
659.457	1342
659.509	1264
659.56	1298
659.612	1308
659.664	1336
659.715	1272
659.767	1308
659.818	1280
659.87	1288
659.922	1314
659.973	1296
660.025	1312
660.077	1304
660.128	1284
660.18	1326
660.231	1302
660.283	1302
660.335	1294
660.386	1342
660.438	1338
660.49	1322
660.541	1318
660.593	1318
660.644	1326
660.696	1294
660.748	1296
660.799	1318
660.851	1290
660.902	1318
660.954	1308
661.006	1292
661.057	1294
661.109	1304
661.16	1294
661.212	1284
661.264	1338
661.315	1316
661.367	1286
661.418	1312
661.47	1312
661.522	1308
661.573	1304
661.625	1298
661.676	1312
661.728	1314
661.78	1298
661.831	1312
661.883	1326
661.934	1340
661.986	1296
662.038	1334
662.089	1324
662.141	1314
662.192	1248
662.244	1306
662.296	1278
662.347	1278
662.399	1320
662.45	1310
662.502	1312
662.554	1284
662.605	1288
662.657	1286
662.708	1292
662.76	1302
662.811	1310
662.863	1322
662.915	1340
662.966	1254
663.018	1292
663.069	1296
663.121	1294
663.173	1284
663.224	1320
663.276	1276
663.327	1310
663.379	1322
663.43	1296
663.482	1298
663.534	1300
663.585	1306
663.637	1290
663.688	1284
663.74	1312
663.792	1323.7
663.843	1291.3
663.895	1323.43
663.946	1319.33
663.998	1314.09
664.049	1311.45
664.101	1288.13
664.153	1319.27
664.204	1325.48
664.256	1290.56
664.307	1291.69
664.359	1302.85
664.41	1305.59
664.462	1329.19
664.513	1316.91
664.565	1308.55
664.617	1303.06
664.668	1311.8
664.72	1324.15
664.771	1318.86
664.823	1294.85
664.874	1312.03
664.926	1288.96
664.978	1319.88
665.029	1302
665.081	1305.06
665.132	1288.41
665.184	1286.62
665.235	1318.72
665.287	1304.94
665.339	1279.44
665.39	1324.26
665.442	1321.45
665.493	1326
665.545	1313.16
665.596	1297.94
665.648	1299.7
665.699	1306.79
665.751	1298.92
665.802	1321.22
665.854	1309.35
665.906	1290.1
665.957	1312.57
666.009	1315.29
666.06	1321.97
666.112	1324.69
666.163	1300.92
666.215	1290.25
666.266	1307.46
666.318	1294.39
666.37	1308.5
666.421	1318.02
666.473	1312.7
666.524	1305.08
666.576	1295.69
666.627	1276.85
666.679	1296.59
666.73	1306.49
666.782	1312.32
666.833	1298.61
666.885	1294.06
666.937	1296.81
666.988	1294.7
667.04	1284.45
667.091	1322.41
667.143	1314.13
667.194	1310.68
667.246	1313.22
667.297	1300.52
667.349	1295.16
667.4	1279.58
667.452	1305.79
667.503	1317.26
667.555	1293.69
667.607	1309.23
667.658	1325.29
667.71	1315.04
667.761	1297.88
667.813	1304.34
667.864	1298.85
667.916	1285.92
667.967	1304.25
668.019	1298.26
668.07	1292.87
668.122	1310.11
668.173	1297.91
668.225	1300.77
668.276	1292
668.328	1292.08
668.379	1293.88
668.431	1295.69
668.482	1280.93
668.534	1279.83
668.586	1300.99
668.637	1306.28
668.689	1295.76
668.74	1277.71
668.792	1276.2
668.843	1291.46
668.895	1298.4
668.935	1328
668.987	1286
669.038	1312
669.09	1306
669.142	1282
669.194	1312
669.245	1268
669.297	1270
669.349	1286
669.401	1322
669.453	1238
669.504	1294
669.556	1320
669.608	1268
669.66	1294
669.711	1286
669.763	1292
669.815	1320
669.867	1292
669.918	1266
669.97	1282
670.022	1302
670.074	1270
670.125	1284
670.177	1258
670.229	1306
670.281	1320
670.332	1296
670.384	1290
670.436	1274
670.488	1270
670.539	1312
670.591	1318
670.643	1306
670.695	1288
670.747	1314
670.798	1316
670.85	1280
670.902	1288
670.953	1258
671.005	1276
671.057	1278
671.109	1280
671.161	1300
671.212	1288
671.264	1274
671.316	1264
671.367	1290
671.419	1296
671.471	1262
671.523	1282
671.575	1276
671.626	1300
671.678	1268
671.73	1316
671.781	1320
671.833	1296
671.885	1274
671.937	1278
671.988	1282
672.04	1280
672.092	1302
672.144	1280
672.195	1310
672.247	1284
672.299	1298
672.351	1262
672.402	1270
672.454	1276
672.506	1292
672.558	1266
672.609	1294
672.661	1266
672.713	1288
672.765	1302
672.816	1274
672.868	1260
672.92	1264
672.971	1268
673.023	1272
673.075	1312
673.127	1286
673.178	1260
673.23	1256
673.282	1288
673.334	1304
673.385	1288
673.437	1320
673.489	1248
673.54	1308
673.592	1298
673.644	1294
673.696	1294
673.747	1300
673.799	1296
673.851	1258
673.903	1286
673.954	1294
674.006	1264
674.058	1312
674.109	1276
674.161	1326
674.213	1306
674.265	1276
674.316	1296
674.368	1296
674.42	1300
674.471	1278
674.523	1288
674.575	1296
674.627	1288
674.678	1310
674.73	1318
674.782	1260
674.833	1328
674.885	1318
674.937	1280
674.989	1314
675.04	1324
675.092	1336
675.144	1292
675.195	1290
675.247	1308
675.299	1286
675.351	1356
675.402	1324
675.454	1308
675.506	1322
675.557	1308
675.609	1334
675.661	1306
675.713	1314
675.764	1294
675.816	1342
675.868	1340
675.919	1308
675.971	1308
676.023	1300
676.074	1342
676.126	1308
676.178	1290
676.23	1318
676.281	1328
676.333	1306
676.385	1336
676.436	1346
676.488	1294
676.54	1292
676.591	1336
676.643	1280
676.695	1342
676.747	1290
676.798	1320
676.85	1322
676.902	1320
676.953	1300
677.005	1312
677.057	1302
677.108	1278
677.16	1314
677.212	1318
677.263	1328
677.315	1330
677.367	1292
677.419	1336
677.47	1296
677.522	1308
677.574	1270
677.625	1320
677.677	1332
677.729	1302
677.78	1308
677.832	1326
677.884	1344
677.935	1302
677.987	1318
678.039	1280
678.091	1356
678.142	1308
678.194	1304
678.246	1312
678.297	1316
678.349	1318
678.401	1300
678.452	1290
678.504	1294
678.556	1320
678.607	1290
678.659	1308
678.711	1328
678.762	1310
678.814	1314
678.866	1322
678.917	1288
678.969	1300
679.021	1302
679.072	1324
679.124	1304
679.176	1278
679.227	1332
679.279	1310
679.331	1274
679.382	1258
679.434	1260
679.486	1308
679.537	1272
679.589	1296
679.641	1326
679.692	1288
679.744	1290
679.796	1272
679.847	1280
679.899	1258
679.951	1284
680.003	1298
680.054	1294
680.106	1298
680.157	1326
680.209	1300
680.261	1332
680.312	1310
680.364	1306
680.416	1298
680.467	1322
680.519	1296
680.571	1286
680.622	1298
680.674	1314
680.726	1308
680.777	1316
680.829	1280
680.881	1298
680.932	1300
680.984	1236
681.036	1306
681.087	1316
681.139	1340
681.191	1280
681.242	1302
681.294	1300
681.346	1292
681.397	1274
681.449	1320
681.501	1280
681.552	1332
681.604	1288
681.656	1302
681.707	1282
681.759	1280
681.81	1322
681.862	1300
681.914	1282
681.965	1288
682.017	1332
682.069	1304
682.12	1288
682.172	1324
682.224	1310
682.275	1298
682.327	1338
682.379	1358
682.43	1294
682.482	1352
682.533	1310
682.585	1334
682.637	1338
682.688	1322
682.74	1290
682.792	1312
682.843	1332
682.895	1316
682.947	1302
682.998	1330
683.05	1306
683.102	1298
683.153	1288
683.205	1312
683.256	1326
683.308	1350
683.36	1304
683.411	1332
683.463	1288
683.515	1306
683.566	1306
683.618	1336
683.669	1332
683.721	1320
683.773	1300
683.824	1356
683.876	1280
683.928	1252
683.979	1308
684.031	1340
684.082	1324
684.134	1280
684.186	1294
684.237	1330
684.289	1316
684.341	1320
684.392	1312
684.444	1322
684.495	1298
684.547	1282
684.599	1316
684.65	1324
684.702	1292
684.754	1282
684.805	1302
684.857	1308
684.908	1316
684.96	1282
685.012	1320
685.063	1288
685.115	1324
685.166	1264
685.218	1300
685.27	1336
685.321	1294
685.373	1262
685.424	1300
685.476	1318
685.528	1282
685.579	1288
685.631	1288
685.683	1302
685.734	1290
685.786	1314
685.837	1290
685.889	1310
685.941	1280
685.992	1296
686.044	1282
686.095	1290
686.147	1290
686.199	1278
686.25	1276
686.302	1240
686.353	1300
686.405	1270
686.457	1290
686.508	1252
686.56	1272
686.611	1244
686.663	1230
686.715	1244
686.766	1282
686.818	1288
686.869	1302
686.921	1234
686.973	1292
687.024	1290
687.076	1268
687.127	1268
687.179	1286
687.231	1286
687.282	1292
687.334	1280
687.385	1280
687.437	1264
687.489	1280
687.54	1264
687.592	1296
687.643	1272
687.695	1264
687.747	1248
687.798	1238
687.85	1258
687.901	1232
687.953	1294
688.004	1278
688.056	1242
688.108	1266
688.159	1268
688.211	1296
688.262	1278
688.314	1262
688.366	1220
688.417	1288
688.469	1290
688.52	1258
688.572	1248
688.623	1240
688.675	1260
688.727	1262
688.778	1250
688.83	1262
688.881	1286
688.933	1294
688.984	1254
689.036	1214
689.088	1260
689.139	1268
689.191	1248
689.242	1264
689.294	1300
689.346	1254
689.397	1230
689.449	1244
689.5	1294
689.552	1232
689.603	1252
689.655	1272
689.706	1266
689.758	1238
689.81	1280
689.861	1230
689.913	1258
689.964	1228
690.016	1264
690.067	1282
690.119	1280
690.171	1234
690.222	1268
690.274	1254
690.325	1226
690.377	1194
690.428	1258
690.48	1254
690.531	1244
690.583	1236
690.635	1254
690.686	1252
690.738	1270
690.789	1246
690.841	1268
690.892	1236
690.944	1280
690.996	1260
691.047	1266
691.099	1250
691.15	1266
691.202	1236
691.253	1220
691.305	1238
691.356	1226
691.408	1214
691.459	1280
691.511	1244
691.563	1242
691.614	1238
691.666	1244
691.717	1230
691.769	1236
691.82	1232
691.872	1206
691.923	1246
691.975	1246
692.026	1228
692.078	1232
692.13	1216
692.181	1226
692.233	1266
692.284	1258
692.336	1216
692.387	1228
692.439	1246
692.49	1244
692.542	1202
692.593	1196
692.645	1182
692.697	1230
692.748	1232
692.8	1202
692.851	1216
692.903	1220
692.954	1256
693.006	1272
693.057	1244
693.109	1200
693.16	1226
693.212	1222
693.263	1208
693.315	1230
693.366	1212
693.418	1212
693.47	1240
693.521	1212
693.573	1256
693.624	1194
693.676	1212
693.727	1226
693.779	1214
693.83	1182
693.882	1218
693.933	1244
693.985	1174
694.036	1232
694.088	1216
694.139	1210
694.191	1182
694.242	1230
694.294	1218
694.345	1146
694.397	1212
694.448	1208
694.5	1198
694.552	1210
694.603	1168
694.655	1192
694.706	1210
694.758	1190
694.809	1204
694.861	1192
694.912	1218
694.964	1200
695.015	1188
695.067	1180
695.118	1224
695.17	1188
695.221	1234
695.273	1162
695.324	1198
695.376	1212
695.427	1190
695.479	1204
695.53	1208
695.582	1190
695.633	1208
695.685	1202
695.736	1208
695.788	1166
695.839	1218
695.891	1202
695.942	1222
695.994	1180
696.045	1230
696.097	1174
696.148	1192
696.2	1196
696.251	1208
696.303	1210
696.354	1202
696.406	1174
696.457	1206
696.509	1188
696.56	1210
696.612	1170
696.663	1196
696.715	1164
696.766	1164
696.818	1216
696.869	1178
696.921	1220
696.972	1226
697.024	1182
697.075	1192
697.127	1216
697.178	1176
697.23	1184
697.281	1188
697.333	1184
697.384	1180
697.436	1192
697.487	1216
697.539	1192
697.59	1170
697.642	1144
697.693	1176
697.745	1166
697.796	1184
697.847	1164
697.899	1156
697.95	1174
698.002	1190
698.053	1220
698.105	1168
698.156	1158
698.208	1122
698.259	1154
698.311	1180
698.362	1174
698.414	1160
698.465	1152
698.517	1164
698.568	1176
698.62	1162
698.671	1182
698.723	1180
698.774	1146
698.826	1156
698.877	1124
698.928	1162
698.98	1152
699.031	1154
699.083	1136
699.134	1146
699.186	1168
699.237	1156
699.289	1154
699.34	1160
699.392	1138
699.443	1134
699.495	1142
699.546	1164
699.598	1176
699.649	1148
699.7	1182
699.752	1146
699.803	1164
699.855	1170
699.906	1140
699.958	1144
700.009	1152
700.061	1138
700.112	1176
700.164	1138
700.215	1142
700.266	1156
700.318	1180
700.369	1138
700.421	1150
700.472	1148
700.524	1156
700.575	1158
700.627	1174
700.678	1166
700.73	1180
700.781	1160
700.832	1162
700.884	1172
700.935	1176
700.987	1160
701.038	1142
701.09	1116
701.141	1120
701.193	1152
701.244	1172
701.295	1168
701.347	1120
701.398	1162
701.45	1162
701.501	1158
701.553	1166
701.604	1144
701.656	1164
701.707	1142
701.758	1152
701.81	1164
701.861	1166
701.913	1162
701.964	1148
702.016	1180
702.067	1174
702.119	1200
702.17	1160
702.221	1150
702.273	1158
702.324	1142
702.376	1146
702.427	1162
702.479	1202
702.53	1176
702.581	1184
702.633	1196
702.684	1148
702.736	1176
702.787	1188
702.839	1166
702.89	1180
702.941	1142
702.993	1220
703.044	1180
703.096	1146
703.147	1174
703.199	1168
703.25	1190
703.301	1130
703.353	1206
703.404	1174
703.456	1164
703.507	1166
703.558	1152
703.61	1168
703.661	1164
703.713	1186
703.764	1160
703.816	1164
703.867	1184
703.918	1176
703.97	1196
704.021	1210
704.073	1132
704.124	1154
704.175	1176
704.227	1184
704.278	1158
704.33	1176
704.381	1176
704.432	1204
704.484	1178
704.535	1204
704.587	1148
704.638	1162
704.69	1156
704.741	1178
704.792	1160
704.844	1162
704.895	1148
704.947	1126
704.998	1172
705.049	1198
705.101	1172
705.152	1172
705.204	1178
705.255	1186
705.306	1198
705.358	1146
705.409	1162
705.461	1186
705.512	1150
705.563	1210
705.615	1176
705.666	1164
705.718	1160
705.769	1192
705.82	1164
705.872	1158
705.923	1172
705.974	1154
706.026	1174
706.077	1154
706.129	1162
706.18	1164
706.231	1158
706.283	1158
706.334	1178
706.386	1162
706.437	1186
706.488	1170
706.54	1162
706.591	1170
706.643	1172
706.694	1166
706.745	1124
706.797	1174
706.848	1172
706.899	1182
706.951	1140
707.002	1204
707.054	1142
707.105	1162
707.156	1160
707.208	1134
707.259	1176
707.31	1168
707.362	1150
707.413	1144
707.465	1148
707.516	1154
707.567	1158
707.619	1144
707.67	1180
707.721	1152
707.773	1182
707.824	1158
707.876	1150
707.927	1172
707.978	1162
708.03	1116
708.081	1176
708.132	1184
708.184	1154
708.235	1142
708.287	1138
708.338	1184
708.389	1152
708.441	1190
708.492	1176
708.543	1166
708.595	1158
708.646	1152
708.697	1178
708.749	1158
708.8	1166
708.852	1162
708.903	1162
708.954	1154
709.006	1142
709.057	1208
709.108	1188
709.16	1168
709.211	1130
709.262	1166
709.314	1166
709.365	1182
709.416	1184
709.468	1170
709.519	1180
709.57	1198
709.622	1140
709.673	1192
709.725	1158
709.776	1190
709.827	1162
709.879	1170
709.93	1180
709.981	1178
710.033	1182
710.084	1186
710.135	1194
710.187	1174
710.238	1188
710.289	1172
710.341	1188
710.392	1170
710.443	1206
710.495	1156
710.546	1204
710.597	1172
710.649	1176
710.7	1162
710.751	1202
710.803	1204
710.854	1180
710.905	1190
710.957	1208
711.008	1196
711.059	1186
711.111	1220
711.162	1202
711.213	1204
711.265	1237.85
711.316	1229.45
711.367	1184.21
711.419	1215.54
711.47	1219.31
711.521	1217.88
711.573	1205.74
711.624	1191.36
711.675	1186.81
711.727	1203.76
711.778	1209.63
711.829	1196.46
711.881	1208.86
711.932	1216.67
711.983	1216.54
712.035	1194.68
712.086	1220.27
712.137	1220.69
712.189	1185.74
712.24	1213.05
712.291	1214.47
712.343	1203.43
712.394	1222.99
712.445	1181.58
712.496	1208.9
712.548	1180.08
712.599	1235.82
712.65	1221.98
712.702	1192.29
712.753	1184.3
712.804	1201.33
712.856	1202.13
712.907	1228.01
712.958	1211.97
713.01	1210.66
713.061	1212.32
713.112	1215.48
713.164	1225.71
713.215	1227.71
713.266	1206.83
713.317	1192.95
713.369	1213.89
713.42	1231.51
713.471	1241.8
713.523	1215.99
713.574	1236.98
713.625	1214.95
713.677	1247.7
713.728	1209.97
713.779	1234.07
713.831	1240.51
713.882	1236.29
713.933	1257.19
713.984	1243.96
714.036	1243.82
714.087	1213.46
714.138	1232.25
714.19	1221.45
714.241	1228.6
714.292	1223.69
714.343	1224.07
714.395	1230.97
714.446	1256.73
714.497	1234.25
714.549	1235.55
714.6	1241.27
714.651	1263
714.703	1282.51
714.754	1256.05
714.805	1237.63
714.856	1241.68
714.908	1244.95
714.959	1242.02
715.01	1243.83
715.062	1247.63
715.113	1244.74
715.164	1244.19
715.215	1252.44
715.267	1236.01
715.318	1248.63
715.369	1262.47
715.421	1266.43
715.472	1259.87
715.523	1253.43
715.574	1266.27
715.626	1291.99
715.677	1305.06
715.728	1300.66
715.779	1269.53
715.831	1235.59
715.882	1255.17
715.933	1268.22
715.985	1242
716.036	1263.54
716.087	1250.83
716.138	1246.51
716.19	1246.68
716.241	1282.82
716.292	1282.82
716.343	1287.59
716.395	1290.6
716.433	1322
716.485	1276
716.536	1294
716.588	1236
716.639	1296
716.691	1286
716.742	1318
716.794	1328
716.845	1314
716.897	1340
716.948	1350
717	1282
717.052	1314
717.103	1296
717.155	1302
717.206	1310
717.258	1314
717.309	1308
717.361	1296
717.412	1344
717.464	1338
717.515	1342
717.567	1330
717.618	1296
717.67	1336
717.721	1336
717.773	1352
717.824	1348
717.876	1352
717.927	1352
717.979	1326
718.03	1334
718.082	1364
718.133	1374
718.185	1384
718.237	1362
718.288	1374
718.34	1386
718.391	1376
718.443	1386
718.494	1336
718.546	1390
718.597	1400
718.649	1366
718.7	1400
718.752	1440
718.803	1370
718.855	1404
718.906	1424
718.958	1416
719.009	1404
719.061	1418
719.112	1390
719.164	1446
719.215	1434
719.267	1462
719.318	1386
719.37	1438
719.421	1416
719.473	1412
719.524	1438
719.576	1432
719.627	1442
719.679	1402
719.73	1462
719.782	1444
719.833	1422
719.885	1426
719.936	1450
719.988	1452
720.039	1476
720.091	1492
720.142	1490
720.194	1500
720.245	1478
720.297	1510
720.348	1452
720.4	1496
720.451	1472
720.503	1494
720.554	1504
720.606	1550
720.657	1518
720.709	1492
720.76	1516
720.812	1506
720.863	1526
720.915	1566
720.966	1536
721.018	1560
721.069	1524
721.121	1568
721.172	1518
721.224	1554
721.275	1550
721.327	1566
721.378	1600
721.43	1612
721.481	1528
721.532	1586
721.584	1576
721.635	1624
721.687	1564
721.738	1632
721.79	1600
721.841	1584
721.893	1624
721.944	1606
721.996	1622
722.047	1654
722.099	1624
722.15	1642
722.202	1666
722.253	1648
722.305	1680
722.356	1660
722.408	1696
722.459	1662
722.511	1678
722.562	1686
722.614	1714
722.665	1718
722.716	1690
722.768	1744
722.819	1740
722.871	1722
722.922	1764
722.974	1760
723.025	1742
723.077	1770
723.128	1786
723.18	1772
723.231	1812
723.283	1764
723.334	1728
723.386	1792
723.437	1848
723.488	1828
723.54	1808
723.591	1810
723.643	1824
723.694	1840
723.746	1848
723.797	1840
723.849	1824
723.9	1906
723.952	1862
724.003	1886
724.055	1878
724.106	1862
724.157	1898
724.209	1890
724.26	1956
724.312	1926
724.363	1966
724.415	1970
724.466	1954
724.518	1950
724.569	1936
724.621	1988
724.672	1982
724.723	2000
724.775	2016
724.826	2030
724.878	2042
724.929	2066
724.981	2092
725.032	2066
725.084	2106
725.135	2046
725.187	2068
725.238	2048
725.289	2084
725.341	2134
725.392	2088
725.444	2134
725.495	2144
725.547	2178
725.598	2172
725.65	2162
725.701	2198
725.752	2194
725.804	2222
725.855	2200
725.907	2184
725.958	2236
726.01	2238
726.061	2250
726.112	2300
726.164	2284
726.215	2272
726.267	2298
726.318	2298
726.37	2328
726.421	2326
726.473	2348
726.524	2358
726.575	2342
726.627	2378
726.678	2344
726.73	2364
726.781	2380
726.833	2402
726.884	2374
726.935	2416
726.987	2372
727.038	2444
727.09	2410
727.141	2494
727.193	2490
727.244	2448
727.295	2470
727.347	2550
727.398	2446
727.45	2530
727.501	2486
727.552	2520
727.604	2570
727.655	2540
727.707	2604
727.758	2568
727.81	2594
727.861	2604
727.912	2606
727.964	2604
728.015	2638
728.067	2640
728.118	2698
728.17	2676
728.221	2632
728.272	2648
728.324	2680
728.375	2702
728.427	2724
728.478	2698
728.529	2704
728.581	2682
728.632	2722
728.684	2722
728.735	2710
728.786	2766
728.838	2716
728.889	2764
728.941	2782
728.992	2804
729.044	2752
729.095	2826
729.146	2830
729.198	2844
729.249	2842
729.301	2864
729.352	2784
729.403	2814
729.455	2858
729.506	2892
729.558	2896
729.609	2898
729.66	2898
729.712	2900
729.763	2904
729.815	2916
729.866	3008
729.917	2982
729.969	3024
730.02	2976
730.072	3018
730.123	2934
730.174	3036
730.226	3072
730.277	3084
730.329	3068
730.38	3020
730.431	3164
730.483	2978
730.534	3158
730.586	3146
730.637	3134
730.688	3152
730.74	3178
730.791	3244
730.842	3228
730.894	3240
730.945	3266
730.997	3224
731.048	3294
731.099	3256
731.151	3296
731.202	3314
731.254	3332
731.305	3336
731.356	3312
731.408	3388
731.459	3450
731.51	3384
731.562	3460
731.613	3432
731.665	3438
731.716	3516
731.767	3560
731.819	3544
731.87	3590
731.922	3590
731.973	3662
732.024	3616
732.076	3688
732.127	3714
732.178	3774
732.23	3746
732.281	3836
732.333	3816
732.384	3806
732.435	3918
732.487	3932
732.538	3920
732.589	3868
732.641	4088
732.692	4026
732.744	4064
732.795	4170
732.846	4236
732.898	4102
732.949	4258
733	4232
733.052	4362
733.103	4384
733.154	4412
733.206	4398
733.257	4532
733.309	4514
733.36	4564
733.411	4652
733.463	4688
733.514	4780
733.565	4880
733.617	4852
733.668	4860
733.719	4928
733.771	4936
733.822	5082
733.873	5130
733.925	5160
733.976	5188
734.028	5332
734.079	5302
734.13	5448
734.182	5506
734.233	5558
734.284	5612
734.336	5772
734.387	5740
734.438	5830
734.49	5938
734.541	6038
734.592	6112
734.644	6164
734.695	6324
734.747	6412
734.798	6510
734.849	6618
734.901	6608
734.952	6822
735.003	6872
735.055	6902
735.106	7156
735.157	7192
735.209	7240
735.26	7414
735.311	7562
735.363	7676
735.414	7700
735.465	7832
735.517	8010
735.568	8046
735.619	8306
735.671	8396
735.722	8622
735.773	8658
735.825	8910
735.876	8918
735.927	9186
735.979	9280
736.03	9442
736.081	9596
736.133	9806
736.184	10008
736.235	10152
736.287	10222
736.338	10440
736.389	10576
736.441	10884
736.492	11048
736.543	11242
736.595	11344
736.646	11722
736.697	11812
736.749	12038
736.8	12188
736.851	12368
736.903	12656
736.954	12846
737.005	13114
737.057	13256
737.108	13386
737.159	13690
737.211	13752
737.262	14088
737.313	14342
737.365	14416
737.416	14548
737.467	14764
737.518	14978
737.57	15170
737.621	15310
737.672	15552
737.724	15710
737.775	15902
737.826	15874
737.878	16020
737.929	16156
737.98	16276
738.032	16386
738.083	16650
738.134	16450
738.186	16668
738.237	16688
738.288	16622
738.339	16770
738.391	16746
738.442	16748
738.493	16836
738.545	16658
738.596	16642
738.647	16794
738.699	16682
738.75	16582
738.801	16536
738.853	16276
738.904	16144
738.955	16062
739.006	15876
739.058	15918
739.109	15744
739.16	15546
739.212	15396
739.263	15258
739.314	14972
739.366	14832
739.417	14770
739.468	14642
739.519	14358
739.571	14270
739.622	14102
739.673	13882
739.725	13646
739.776	13466
739.827	13354
739.878	13124
739.93	12916
739.981	12806
740.032	12470
740.084	12328
740.135	12086
740.186	11896
740.237	11766
740.289	11734
740.34	11342
740.391	11310
740.443	10978
740.494	10892
740.545	10768
740.596	10508
740.648	10444
740.699	10094
740.75	10020
740.802	9828
740.853	9772
740.904	9770
740.956	9428
741.007	9364
741.058	9248
741.109	9108
741.161	8960
741.212	8744
741.263	8668
741.314	8438
741.366	8460
741.417	8290
741.468	8110
741.52	8066
741.571	7996
741.622	7822
741.673	7738
741.725	7628
741.776	7392
741.827	7358
741.878	7280
741.93	7236
741.981	7154
742.032	6988
742.083	7044
742.135	6952
742.186	6702
742.237	6730
742.289	6522
742.34	6522
742.391	6468
742.442	6306
742.494	6262
742.545	6178
742.596	6134
742.647	6052
742.699	6050
742.75	5912
742.801	5792
742.852	5730
742.904	5704
742.955	5682
743.006	5596
743.057	5614
743.109	5554
743.16	5502
743.211	5404
743.263	5270
743.314	5228
743.365	5182
743.416	5108
743.468	5162
743.519	5118
743.57	5100
743.621	5002
743.672	4834
743.724	4870
743.775	4828
743.826	4804
743.878	4808
743.929	4670
743.98	4728
744.031	4652
744.083	4572
744.134	4558
744.185	4488
744.236	4514
744.287	4434
744.339	4458
744.39	4388
744.441	4360
744.492	4356
744.544	4276
744.595	4234
744.646	4256
744.697	4226
744.749	4200
744.8	4156
744.851	4102
744.902	4018
744.954	4108
745.005	4030
745.056	4034
745.107	3988
745.159	3968
745.21	3856
745.261	3880
745.312	3866
745.363	3818
745.415	3828
745.466	3724
745.517	3716
745.568	3790
745.62	3774
745.671	3750
745.722	3746
745.773	3698
745.824	3630
745.876	3510
745.927	3646
745.978	3580
746.029	3580
746.081	3506
746.132	3462
746.183	3540
746.234	3482
746.285	3490
746.337	3508
746.388	3466
746.439	3428
746.49	3380
746.542	3422
746.593	3368
746.644	3338
746.695	3310
746.746	3332
746.798	3274
746.849	3294
746.9	3292
746.951	3250
747.003	3298
747.054	3194
747.105	3210
747.156	3226
747.207	3160
747.259	3208
747.31	3132
747.361	3138
747.412	3176
747.463	3144
747.515	3124
747.566	3120
747.617	3154
747.668	3112
747.719	3174
747.771	3058
747.822	3046
747.873	3066
747.924	3028
747.975	3054
748.027	3008
748.078	3050
748.129	3062
748.18	2972
748.231	3026
748.283	3060
748.334	3008
748.385	2922
748.436	2950
748.487	2930
748.539	2958
748.59	2942
748.641	2942
748.692	2912
748.743	2934
748.795	2918
748.846	2878
748.897	2868
748.948	2880
748.999	2872
749.05	2890
749.102	2890
749.153	2826
749.204	2890
749.255	2902
749.306	2860
749.358	2854
749.409	2818
749.46	2838
749.511	2808
749.562	2826
749.614	2816
749.665	2742
749.716	2760
749.767	2798
749.818	2764
749.869	2766
749.921	2742
749.972	2794
750.023	2802
750.074	2772
750.125	2722
750.177	2722
750.228	2732
750.279	2760
750.33	2684
750.381	2730
750.432	2718
750.484	2730
750.535	2678
750.586	2684
750.637	2722
750.688	2690
750.739	2690
750.791	2676
750.842	2704
750.893	2624
750.944	2696
750.995	2600
751.046	2668
751.098	2590
751.149	2630
751.2	2656
751.251	2622
751.302	2684
751.353	2592
751.404	2606
751.456	2658
751.507	2656
751.558	2614
751.609	2618
751.66	2570
751.711	2628
751.763	2610
751.814	2652
751.865	2570
751.916	2600
751.967	2602
752.018	2574
752.07	2512
752.121	2568
752.172	2558
752.223	2556
752.274	2478
752.325	2596
752.376	2552
752.428	2578
752.479	2516
752.53	2574
752.581	2588
752.632	2564
752.683	2558
752.734	2524
752.786	2472
752.837	2536
752.888	2524
752.939	2514
752.99	2532
753.041	2524
753.092	2480
753.144	2488
753.195	2504
753.246	2462
753.297	2522
753.348	2502
753.399	2482
753.45	2482
753.502	2500
753.553	2496
753.604	2472
753.655	2462
753.706	2486
753.757	2510
753.808	2498
753.859	2472
753.911	2478
753.962	2444
754.013	2500
754.064	2466
754.115	2468
754.166	2448
754.217	2454
754.269	2374
754.32	2516
754.371	2452
754.422	2424
754.473	2444
754.524	2476
754.575	2434
754.626	2420
754.678	2442
754.729	2358
754.78	2426
754.831	2438
754.882	2410
754.933	2404
754.984	2340
755.035	2386
755.086	2434
755.138	2400
755.189	2418
755.24	2392
755.291	2392
755.342	2364
755.393	2402
755.444	2394
755.495	2424
755.547	2458
755.598	2400
755.649	2398
755.7	2440
755.751	2392
755.802	2414
755.853	2354
755.904	2374
755.955	2348
756.006	2386
756.058	2412
756.109	2396
756.16	2366
756.211	2332
756.262	2388
756.313	2388
756.364	2328
756.415	2360
756.466	2366
756.518	2358
756.569	2320
756.62	2348
756.671	2336
756.722	2342
756.773	2314
756.824	2338
756.875	2360
756.926	2360
756.977	2348
757.029	2300
757.08	2310
757.131	2354
757.182	2310
757.233	2292
757.284	2282
757.335	2340
757.386	2314
757.437	2322
757.488	2304
757.539	2250
757.59	2298
757.642	2308
757.693	2300
757.744	2220
757.795	2286
757.846	2306
757.897	2312
757.948	2290
757.999	2296
758.05	2310
758.101	2264
758.152	2306
758.203	2296
758.255	2282
758.306	2210
758.357	2254
758.408	2278
758.459	2340
758.51	2315.67
758.561	2232.5
758.612	2268.86
758.663	2262.92
758.714	2296.61
758.765	2295.61
758.816	2273.74
758.867	2242.33
758.919	2236.99
758.97	2264.85
759.021	2247.92
759.072	2251.66
759.123	2176.21
759.174	2273.16
759.225	2235.66
759.276	2219.49
759.327	2257.67
759.378	2230.98
759.429	2196.87
759.48	2204.57
759.531	2195.14
759.582	2211.52
759.633	2208.26
759.685	2215
759.736	2195.84
759.787	2216.42
759.838	2208.44
759.889	2220.85
759.94	2169.19
759.991	2178.41
760.042	2163.09
760.093	2184.25
760.144	2158.53
760.195	2155.61
760.246	2172.24
760.297	2147.38
760.348	2141.94
760.399	2160.08
760.45	2185.97
760.501	2175.22
760.552	2165.55
760.603	2177.27
760.655	2183.39
760.706	2176.49
760.757	2166.62
760.808	2171.03
760.859	2124.44
760.91	2163.01
760.961	2134.36
761.012	2117.41
761.063	2123.19
761.114	2118.09
761.165	2151.37
761.216	2127.47
761.267	2132.19
761.318	2104.78
761.369	2134.04
761.42	2120.29
761.471	2134.36
761.522	2114.75
761.573	2102.95
761.624	2086.03
761.675	2101.44
761.726	2104.64
761.777	2098.39
761.828	2112.87
761.88	2117.87
761.931	2082.59
761.982	2087.95
762.033	2109.4
762.084	2103.24
762.135	2109.21
762.186	2085.84
762.237	2113.19
762.288	2051.78
762.339	2100.32
762.39	2137.81
762.441	2051.36
762.492	2103.64
762.543	2107.5
762.594	2088.44
762.645	2106.58
762.696	2104.32
762.747	2109.57
762.798	2073.1
762.849	2060.82
762.9	2069.73
762.951	2097.25
763.002	2086.93
763.053	2112.88
763.104	2082.92
763.155	2082.56
763.206	2081.18
763.257	2058.29
763.308	2093.3
763.359	2069.71
763.41	2039.27
763.461	2048.17
763.512	2088.36
763.563	2045.18
763.614	2034.71
763.665	2063.3
763.678	2072
763.729	2038
763.78	2062
763.832	2046
763.883	2074
763.934	2104
763.986	2052
764.037	2076
764.088	2104
764.139	2052
764.191	2044
764.242	2048
764.293	2014
764.345	2018
764.396	2058
764.447	2050
764.498	2034
764.55	2052
764.601	2044
764.652	2066
764.704	2034
764.755	1992
764.806	2012
764.857	2028
764.909	2048
764.96	2030
765.011	2016
765.062	2102
765.114	2064
765.165	2026
765.216	2040
765.268	1998
765.319	2026
765.37	2004
765.421	2052
765.473	2026
765.524	1990
765.575	2016
765.626	2046
765.678	2018
765.729	2018
765.78	2022
765.831	2032
765.883	2042
765.934	2016
765.985	2052
766.036	2042
766.088	1960
766.139	2012
766.19	2056
766.242	1996
766.293	2002
766.344	2040
766.395	1998
766.447	2054
766.498	1992
766.549	1980
766.6	2020
766.652	1958
766.703	1984
766.754	2048
766.805	1966
766.857	1998
766.908	1972
766.959	1992
767.01	1944
767.062	1926
767.113	1914
767.164	1956
767.215	1934
767.267	1928
767.318	1952
767.369	1970
767.42	1948
767.472	1918
767.523	1884
767.574	1912
767.625	1842
767.677	1930
767.728	1954
767.779	1940
767.83	1900
767.882	1838
767.933	1856
767.984	1918
768.035	1890
768.087	1866
768.138	1900
768.189	1876
768.24	1826
768.292	1860
768.343	1872
768.394	1844
768.445	1844
768.497	1798
768.548	1826
768.599	1806
768.65	1820
768.701	1786
768.753	1758
768.804	1794
768.855	1784
768.906	1748
768.958	1774
769.009	1736
769.06	1744
769.111	1732
769.163	1784
769.214	1742
769.265	1738
769.316	1728
769.367	1734
769.419	1750
769.47	1772
769.521	1720
769.572	1724
769.624	1742
769.675	1730
769.726	1682
769.777	1664
769.828	1614
769.88	1638
769.931	1658
769.982	1656
770.033	1668
770.085	1636
770.136	1678
770.187	1662
770.238	1666
770.289	1636
770.341	1650
770.392	1582
770.443	1560
770.494	1566
770.546	1576
770.597	1596
770.648	1580
770.699	1582
770.75	1576
770.802	1572
770.853	1586
770.904	1550
770.955	1540
771.006	1580
771.058	1608
771.109	1502
771.16	1538
771.211	1544
771.263	1546
771.314	1554
771.365	1494
771.416	1500
771.467	1522
771.519	1548
771.57	1510
771.621	1480
771.672	1454
771.723	1468
771.775	1450
771.826	1484
771.877	1446
771.928	1508
771.979	1486
772.031	1444
772.082	1456
772.133	1448
772.184	1486
772.235	1436
772.287	1432
772.338	1390
772.389	1440
772.44	1440
772.491	1394
772.543	1430
772.594	1396
772.645	1400
772.696	1428
772.747	1398
772.799	1410
772.85	1406
772.901	1386
772.952	1366
773.003	1372
773.055	1374
773.106	1372
773.157	1406
773.208	1378
773.259	1336
773.31	1340
773.362	1344
773.413	1330
773.464	1360
773.515	1374
773.566	1340
773.618	1324
773.669	1360
773.72	1350
773.771	1340
773.822	1328
773.873	1332
773.925	1316
773.976	1316
774.027	1296
774.078	1320
774.129	1318
774.18	1292
774.232	1318
774.283	1300
774.334	1300
774.385	1326
774.436	1298
774.488	1316
774.539	1278
774.59	1252
774.641	1274
774.692	1266
774.743	1274
774.795	1296
774.846	1254
774.897	1266
774.948	1242
774.999	1236
775.05	1242
775.102	1250
775.153	1234
775.204	1248
775.255	1208
775.306	1246
775.357	1260
775.409	1238
775.46	1262
775.511	1236
775.562	1196
775.613	1240
775.664	1242
775.716	1216
775.767	1200
775.818	1214
775.869	1240
775.92	1178
775.971	1226
776.023	1166
776.074	1216
776.125	1202
776.176	1194
776.227	1214
776.278	1162
776.329	1148
776.381	1192
776.432	1162
776.483	1174
776.534	1172
776.585	1152
776.636	1170
776.688	1170
776.739	1162
776.79	1138
776.841	1160
776.892	1148
776.943	1158
776.994	1118
777.046	1174
777.097	1160
777.148	1174
777.199	1120
777.25	1148
777.301	1130
777.352	1156
777.404	1136
777.455	1136
777.506	1118
777.557	1110
777.608	1142
777.659	1170
777.71	1090
777.762	1146
777.813	1108
777.864	1146
777.915	1136
777.966	1110
778.017	1118
778.068	1140
778.12	1090
778.171	1104
778.222	1104
778.273	1110
778.324	1078
778.375	1076
778.426	1056
778.477	1094
778.529	1058
778.58	1070
778.631	1076
778.682	1060
778.733	1092
778.784	1080
778.835	1068
778.886	1074
778.938	1052
778.989	1042
779.04	1052
779.091	1054
779.142	1058
779.193	1056
779.244	1034
779.295	1036
779.347	1094
779.398	1038
779.449	1042
779.5	1036
779.551	1038
779.602	1056
779.653	1060
779.704	992
779.755	1016
779.807	1020
779.858	1018
779.909	1054
779.96	1044
780.011	1020
780.062	1024
780.113	968
780.164	986
780.216	994
780.267	1002
780.318	1012
780.369	1020
780.42	1006
780.471	1008
780.522	966
780.573	1020
780.624	974
780.675	1008
780.727	984
780.778	992
780.829	964
780.88	980
780.931	954
780.982	956
781.033	992
781.084	922
781.135	952
781.187	968
781.238	954
781.289	970
781.34	948
781.391	956
781.442	932
781.493	982
781.544	946
781.595	954
781.646	934
781.698	956
781.749	926
781.8	918
781.851	904
781.902	918
781.953	950
782.004	922
782.055	928
782.106	912
782.157	930
782.208	914
782.26	934
782.311	940
782.362	926
782.413	902
782.464	926
782.515	920
782.566	902
782.617	938
782.668	926
782.719	908
782.77	918
782.821	938
782.872	940
782.924	892
782.975	860
783.026	880
783.077	862
783.128	896
783.179	898
783.23	904
783.281	912
783.332	898
783.383	882
783.434	876
783.485	894
783.536	864
783.588	888
783.639	874
783.69	882
783.741	874
783.792	868
783.843	870
783.894	870
783.945	894
783.996	880
784.047	860
784.098	868
784.149	876
784.2	864
784.252	856
784.303	842
784.354	898
784.405	876
784.456	872
784.507	848
784.558	842
784.609	844
784.66	902
784.711	836
784.762	858
784.813	836
784.864	830
784.915	810
784.966	808
785.017	812
785.068	830
785.12	830
785.171	834
785.222	858
785.273	862
785.324	804
785.375	798
785.426	818
785.477	832
785.528	786
785.579	838
785.63	842
785.681	832
785.732	838
785.783	814
785.834	834
785.885	824
785.936	784
785.987	846
786.038	790
786.089	780
786.141	826
786.192	788
786.243	810
786.294	814
786.345	812
786.396	812
786.447	812
786.498	810
786.549	794
786.6	786
786.651	804
786.702	798
786.753	786
786.804	796
786.855	800
786.906	798
786.957	806
787.008	764
787.059	778
787.11	780
787.161	786
787.212	788
787.263	772
787.314	778
787.365	772
787.416	768
787.467	776
787.518	750
787.57	774
787.621	782
787.672	772
787.723	768
787.774	770
787.825	756
787.876	764
787.927	768
787.978	778
788.029	754
788.08	756
788.131	752
788.182	774
788.233	740
788.284	770
788.335	776
788.386	752
788.437	742
788.488	746
788.539	754
788.59	728
788.641	722
788.692	750
788.743	724
788.794	722
788.845	730
788.896	760
788.947	712
788.998	774
789.049	752
789.1	750
789.151	754
789.202	734
789.253	742
789.304	704
789.355	748
789.406	718
789.457	736
789.508	732
789.559	740
789.61	718
789.661	742
789.712	734
789.763	720
789.814	710
789.865	716
789.916	732
789.967	738
790.018	730
790.069	726
790.12	714
790.171	720
790.222	750
790.273	730
790.324	738
790.375	710
790.426	694
790.477	698
790.528	706
790.579	708
790.63	718
790.681	726
790.732	740
790.783	720
790.834	716
790.885	740
790.936	686
790.987	708
791.038	708
791.089	728
791.14	676
791.191	694
791.242	700
791.293	698
791.344	712
791.395	696
791.446	706
791.497	718
791.548	708
791.599	716
791.65	692
791.701	696
791.752	694
791.803	714
791.854	736
791.905	712
791.956	684
792.007	688
792.058	686
792.109	700
792.16	696
792.211	680
792.262	700
792.313	682
792.363	676
792.414	692
792.465	694
792.516	708
792.567	664
792.618	696
792.669	672
792.72	710
792.771	678
792.822	682
792.873	696
792.924	700
792.975	704
793.026	678
793.077	692
793.128	670
793.179	676
793.23	660
793.281	670
793.332	656
793.383	670
793.434	702
793.485	676
793.536	692
793.587	658
793.638	684
793.689	704
793.74	674
793.79	676
793.841	670
793.892	672
793.943	674
793.994	710
794.045	668
794.096	688
794.147	684
794.198	692
794.249	674
794.3	678
794.351	644
794.402	668
794.453	674
794.504	680
794.555	704
794.606	668
794.657	680
794.708	674
794.758	664
794.809	658
794.86	696
794.911	658
794.962	654
795.013	650
795.064	678
795.115	680
795.166	686
795.217	658
795.268	674
795.319	668
795.37	686
795.421	674
795.472	684
795.523	670
795.573	674
795.624	662
795.675	670
795.726	680
795.777	684
795.828	652
795.879	676
795.93	650
795.981	676
796.032	668
796.083	680
796.134	670
796.185	644
796.236	676
796.286	660
796.337	658
796.388	670
796.439	670
796.49	650
796.541	646
796.592	670
796.643	684
796.694	646
796.745	660
796.796	644
796.847	650
796.897	664
796.948	668
796.999	682
797.05	620
797.101	648
797.152	644
797.203	654
797.254	662
797.305	674
797.356	646
797.407	658
797.458	652
797.508	648
797.559	630
797.61	632
797.661	652
797.712	642
797.763	642
797.814	660
797.865	636
797.916	646
797.967	632
798.018	604
798.068	646
798.119	622
798.17	634
798.221	618
798.272	618
798.323	622
798.374	632
798.425	658
798.476	630
798.526	630
798.577	620
798.628	616
798.679	618
798.73	648
798.781	620
798.832	636
798.883	616
798.934	604
798.984	604
799.035	642
799.086	610
799.137	618
799.188	596
799.239	602
799.29	610
799.341	608
799.392	590
799.443	618
799.493	600
799.544	608
799.595	598
799.646	586
799.697	570
799.748	604
799.799	572
799.85	602
799.9	578
799.951	578
800.002	598
800.053	584
800.104	574
800.155	594
800.206	584
800.257	552
800.307	570
800.358	566
800.409	568
800.46	570
800.511	568
800.562	566
800.613	608
800.664	564
800.714	524
800.765	530
800.816	542
800.867	562
800.918	556
800.969	564
801.02	554
801.07	550
801.121	546
801.172	554
801.223	562
801.274	540
801.325	554
801.376	536
801.427	534
801.477	546
801.528	556
801.579	534
801.63	550
801.681	522
801.732	536
801.783	510
801.833	548
801.884	538
801.935	542
801.986	514
802.037	518
802.088	538
802.139	512
802.189	532
802.24	516
802.291	508
802.342	506
802.393	516
802.444	528
802.495	526
802.545	516
802.596	496
802.647	520
802.698	486
802.749	518
802.8	520
802.85	514
802.901	508
802.952	474
803.003	502
803.054	492
803.105	506
803.155	502
803.206	506
803.257	492
803.308	494
803.359	492
803.41	488
803.46	496
803.511	498
803.562	494
803.613	486
803.664	474
803.715	498
803.765	484
803.816	498
803.867	484
803.918	502
803.969	472
804.02	490
804.07	490
804.121	496
804.172	500
804.223	482
804.274	464
804.325	490
804.375	478
804.426	490
804.477	470
804.528	500
804.579	482
804.63	486
804.68	478
804.731	486
804.782	496
804.833	484
804.884	460
804.934	474
804.985	460
805.036	478
805.087	460
805.138	478
805.188	466
805.239	480
805.29	460
805.341	472
805.392	472
805.443	458
805.493	424.161
805.544	481.723
805.595	483.821
805.646	473.803
805.697	479.306
805.747	463.526
805.798	467.534
805.849	470.392
805.9	454.37
805.951	460.487
806.001	478.561
806.052	462.93
806.103	455.059
806.154	459.244
806.205	455.102
806.255	437.928
806.306	456.649
806.357	470.171
806.408	457.742
806.459	451.031
806.509	460.564
806.56	469.424
806.611	440.265
806.662	458.934
806.713	439.948
806.763	462.367
806.814	456.492
806.865	443.698
806.916	453.084
806.967	454.825
807.017	458.045
807.068	438.103
807.119	445.894
807.17	447.431
807.22	445.473
807.271	466.036
807.322	462.274
807.373	452.589
807.424	446.897
807.474	442.703
807.525	453.843
807.576	443.627
807.627	448.147
807.678	452.99
807.728	442.359
807.779	457.068
807.83	434.56
807.881	447.544
807.931	444.896
807.982	439.934
808.033	438.063
808.084	448.525
808.135	445.542
808.185	445.122
808.236	458.337
808.287	455.042
808.338	448.291
808.388	423.814
808.439	445.289
808.49	437.137
808.541	436.653
808.591	449.165
808.642	445.438
808.693	444.917
808.744	441.559
808.795	433.307
808.845	432.688
808.896	440.335
808.947	438.038
808.998	443.561
809.048	441.559
809.099	435.13
809.15	442.151
809.201	443.525
809.251	410.198
809.302	435.394
809.353	444.962
809.404	435.087
809.454	441.272
809.505	451.211
809.556	430.318
809.607	425.654
809.658	427.418
809.708	420.006
809.759	443.536
809.81	436.037
809.861	432.032
809.911	447.622
809.962	433.791
810.013	423.06
810.064	437.631
810.114	442.301
810.165	431.041
810.216	426.882
810.267	442.472
810.317	424.986
810.368	435.541
810.419	430.29
810.469	405.665
810.52	417.053
810.571	419.866
810.622	420.059
810.627	420
810.678	414
810.729	404
810.78	428
810.831	432
810.882	444
810.933	422
810.984	436
811.035	408
811.086	412
811.137	434
811.188	406
811.239	422
811.29	420
811.341	418
811.392	436
811.443	400
811.494	418
811.545	426
811.596	398
811.648	396
811.699	430
811.75	408
811.801	408
811.852	412
811.903	438
811.954	420
812.005	434
812.056	412
812.107	416
812.158	418
812.209	410
812.26	396
812.311	408
812.362	414
812.413	382
812.464	424
812.515	396
812.566	426
812.617	428
812.668	424
812.719	408
812.77	414
812.821	406
812.872	416
812.923	414
812.974	392
813.025	412
813.076	410
813.127	400
813.178	392
813.229	412
813.28	390
813.331	382
813.382	398
813.433	402
813.484	414
813.535	406
813.586	402
813.637	414
813.688	400
813.739	394
813.79	398
813.841	412
813.892	384
813.943	368
813.994	404
814.045	390
814.096	386
814.147	398
814.198	372
814.249	410
814.3	384
814.351	396
814.402	396
814.453	398
814.504	376
814.555	378
814.606	382
814.657	364
814.708	380
814.759	388
814.81	376
814.861	378
814.912	390
814.963	376
815.014	360
815.065	382
815.116	356
815.167	374
815.217	364
815.268	374
815.319	374
815.37	362
815.421	370
815.472	386
815.523	354
815.574	372
815.625	370
815.676	362
815.727	366
815.778	354
815.829	356
815.88	370
815.931	366
815.982	364
816.033	356
816.084	370
816.135	360
816.186	338
816.237	340
816.288	360
816.339	370
816.39	338
816.441	350
816.492	340
816.543	364
816.594	364
816.645	358
816.696	356
816.747	352
816.798	346
816.849	338
816.9	354
816.951	340
817.001	350
817.052	334
817.103	350
817.154	336
817.205	350
817.256	326
817.307	330
817.358	334
817.409	354
817.46	338
817.511	332
817.562	334
817.613	314
817.664	314
817.715	332
817.766	352
817.817	310
817.868	332
817.919	326
817.97	342
818.021	314
818.071	312
818.122	316
818.173	324
818.224	316
818.275	322
818.326	310
818.377	318
818.428	312
818.479	312
818.53	314
818.581	326
818.632	324
818.683	324
818.734	302
818.785	328
818.836	318
818.887	298
818.938	318
818.988	302
819.039	288
819.09	304
819.141	290
819.192	312
819.243	288
819.294	278
819.345	296
819.396	300
819.447	296
819.498	308
819.549	312
819.6	306
819.651	296
819.702	300
819.753	310
819.803	290
819.854	316
819.905	292
819.956	292
820.007	294
820.058	312
820.109	270
820.16	288
820.211	288
820.262	290
820.313	272
820.364	276
820.415	280
820.465	274
820.516	284
820.567	270
820.618	282
820.669	272
820.72	280
820.771	290
820.822	276
820.873	282
820.924	286
820.975	278
821.026	272
821.076	256
821.127	280
821.178	296
821.229	272
821.28	286
821.331	266
821.382	270
821.433	270
821.484	274
821.535	262
821.586	256
821.637	266
821.687	284
821.738	258
821.789	254
821.84	264
821.891	270
821.942	260
821.993	260
822.044	266
822.095	278
822.146	266
822.196	264
822.247	254
822.298	260
822.349	278
822.4	270
822.451	264
822.502	250
822.553	258
822.604	276
822.655	248
822.706	262
822.756	248
822.807	252
822.858	246
822.909	262
822.96	254
823.011	278
823.062	262
823.113	260
823.164	254
823.214	258
823.265	230
823.316	254
823.367	268
823.418	236
823.469	256
823.52	266
823.571	248
823.622	254
823.672	250
823.723	260
823.774	232
823.825	258
823.876	248
823.927	254
823.978	244
824.029	240
824.08	248
824.13	250
824.181	244
824.232	234
824.283	256
824.334	256
824.385	246
824.436	248
824.487	252
824.537	262
824.588	246
824.639	250
824.69	232
824.741	258
824.792	228
824.843	242
824.893	238
824.944	234
824.995	228
825.046	236
825.097	260
825.148	238
825.199	242
825.25	234
825.3	238
825.351	250
825.402	252
825.453	232
825.504	236
825.555	236
825.606	248
825.657	244
825.707	232
825.758	238
825.809	234
825.86	228
825.911	232
825.962	232
826.013	244
826.063	238
826.114	242
826.165	232
826.216	244
826.267	232
826.318	232
826.369	220
826.419	232
826.47	244
826.521	232
826.572	240
826.623	230
826.674	246
826.725	248
826.775	230
826.826	236
826.877	224
826.928	226
826.979	240
827.03	226
827.08	232
827.131	226
827.182	228
827.233	244
827.284	240
827.335	232
827.386	228
827.436	222
827.487	242
827.538	238
827.589	226
827.64	234
827.691	226
827.741	220
827.792	236
827.843	230
827.894	220
827.945	232
827.996	232
828.046	218
828.097	218
828.148	224
828.199	234
828.25	212
828.301	218
828.351	204
828.402	214
828.453	234
828.504	232
828.555	230
828.606	230
828.656	244
828.707	232
828.758	216
828.809	224
828.86	224
828.911	210
828.961	216
829.012	230
829.063	228
829.114	218
829.165	214
829.216	226
829.266	222
829.317	224
829.368	222
829.419	218
829.47	216
829.52	216
829.571	212
829.622	210
829.673	214
829.724	220
829.774	232
829.825	220
829.876	218
829.927	230
829.978	224
830.029	210
830.079	214
830.13	224
830.181	210
830.232	194
830.283	224
830.333	216
830.384	230
830.435	212
830.486	226
830.537	226
830.587	220
830.638	220
830.689	224
830.74	218
830.791	224
830.841	208
830.892	216
830.943	200
830.994	228
831.045	216
831.095	208
831.146	220
831.197	208
831.248	206
831.299	208
831.349	212
831.4	220
831.451	200
831.502	212
831.553	216
831.603	204
831.654	192
831.705	208
831.756	208
831.807	210
831.857	214
831.908	212
831.959	210
832.01	194
832.061	212
832.111	200
832.162	194
832.213	216
832.264	208
832.315	202
832.365	204
832.416	222
832.467	198
832.518	220
832.568	218
832.619	208
832.67	210
832.721	196
832.772	192
832.822	194
832.873	188
832.924	202
832.975	202
833.025	212
833.076	204
833.127	218
833.178	214
833.229	190
833.279	176
833.33	206
833.381	196
833.432	200
833.482	200
833.533	194
833.584	190
833.635	208
833.685	196
833.736	200
833.787	196
833.838	210
833.889	180
833.939	188
833.99	192
834.041	196
834.092	192
834.142	204
834.193	200
834.244	202
834.295	200
834.345	198
834.396	200
834.447	208
834.498	172
834.548	196
834.599	192
834.65	208
834.701	196
834.751	192
834.802	198
834.853	196
834.904	186
834.954	186
835.005	204
835.056	196
835.107	180
835.157	204
835.208	190
835.259	200
835.31	206
835.36	164
835.411	206
835.462	202
835.513	196
835.563	184
835.614	198
835.665	184
835.716	190
835.766	182
835.817	180
835.868	192
835.919	190
835.969	180
836.02	214
836.071	186
836.122	194
836.172	184
836.223	190
836.274	200
836.325	184
836.375	178
836.426	182
836.477	178
836.528	186
836.578	190
836.629	188
836.68	170
836.73	178
836.781	188
836.832	188
836.883	192
836.933	204
836.984	184
837.035	176
837.086	194
837.136	184
837.187	182
837.238	188
837.288	198
837.339	192
837.39	174
837.441	192
837.491	186
837.542	186
837.593	184
837.643	174
837.694	176
837.745	172
837.796	180
837.846	178
837.897	178
837.948	192
837.999	182
838.049	176
838.1	160
838.151	180
838.201	166
838.252	170
838.303	190
838.354	184
838.404	180
838.455	172
838.506	172
838.556	172
838.607	180
838.658	178
838.708	182
838.759	168
838.81	176
838.861	186
838.911	174
838.962	172
839.013	168
839.063	174
839.114	174
839.165	184
839.216	176
839.266	166
839.317	190
839.368	178
839.418	176
839.469	162
839.52	184
839.57	174
839.621	184
839.672	152
839.722	174
839.773	172
839.824	176
839.875	158
839.925	170
839.976	170
840.027	180
840.077	180
840.128	172
840.179	172
840.229	166
840.28	176
840.331	186
840.381	176
840.432	188
840.483	154
840.534	180
840.584	174
840.635	166
840.686	160
840.736	172
840.787	162
840.838	164
840.888	164
840.939	164
840.99	156
841.04	174
841.091	166
841.142	162
841.192	178
841.243	178
841.294	156
841.344	172
841.395	174
841.446	162
841.496	166
841.547	170
841.598	156
841.648	156
841.699	158
841.75	162
841.8	156
841.851	164
841.902	164
841.952	164
842.003	162
842.054	164
842.104	154
842.155	154
842.206	166
842.256	162
842.307	174
842.358	150
842.408	146
842.459	174
842.51	152
842.56	154
842.611	178
842.662	168
842.712	174
842.763	156
842.814	162
842.864	172
842.915	172
842.966	178
843.016	162
843.067	164
843.118	160
843.168	152
843.219	148
843.269	158
843.32	154
843.371	164
843.421	170
843.472	158
843.523	166
843.573	154
843.624	158
843.675	170
843.725	164
843.776	164
843.827	164
843.877	156
843.928	162
843.979	162
844.029	158
844.08	164
844.13	156
844.181	148
844.232	176
844.282	160
844.333	162
844.384	146
844.434	156
844.485	162
844.536	148
844.586	150
844.637	162
844.687	156
844.738	146
844.789	158
844.839	154
844.89	144
844.941	158
844.991	154
845.042	154
845.092	150
845.143	146
845.194	142
845.244	152
845.295	148
845.346	152
845.396	156
845.447	156
845.497	160
845.548	156
845.599	150
845.649	152
845.7	150
845.75	160
845.801	148
845.852	150
845.902	152
845.953	148
846.004	154
846.054	160
846.105	164
846.155	146
846.206	150
846.257	150
846.307	160
846.358	146
846.409	144
846.459	152
846.51	160
846.56	152
846.611	158
846.661	138
846.712	160
846.763	146
846.813	146
846.864	146
846.915	160
846.965	156
847.016	144
847.066	130
847.117	148
847.168	154
847.218	150
847.269	126
847.319	160
847.37	160
847.421	146
847.471	138
847.522	154
847.572	142
847.623	140
847.674	148
847.724	154
847.775	156
847.825	150
847.876	144
847.926	142
847.977	148
848.028	140
848.078	148
848.129	148
848.179	132
848.23	156
848.281	136
848.331	148
848.382	152
848.432	144
848.483	140
848.534	156
848.584	136
848.635	150
848.685	148
848.736	150
848.786	138
848.837	152
848.888	148
848.938	152
848.989	134
849.039	140
849.09	134
849.14	132
849.191	152
849.242	116
849.292	132
849.343	140
849.393	148
849.444	138
849.494	140
849.545	138
849.596	142
849.646	148
849.697	146
849.747	148
849.798	148
849.848	148
849.899	134
849.95	136
850	150
850.051	144
850.101	140
850.152	136
850.202	146
850.253	144
850.303	130
850.354	132
850.405	142
850.455	138
850.506	134
850.556	128
850.607	140
850.657	140
850.708	136
850.758	134
850.809	148
850.86	136
850.91	132
850.961	124
851.011	134
851.062	150
851.112	136
851.163	138
851.213	138
851.264	128
851.314	134
851.365	134
851.416	144
851.466	134
851.517	130
851.567	126
851.618	138
851.668	138
851.719	142
851.769	130
851.82	144
851.87	140
851.921	130
851.971	124
852.022	140
852.073	124
852.123	138
852.174	110
852.224	134
852.275	146
852.325	141.961
852.376	124.265
852.426	141.65
852.477	129.932
852.527	131.998
852.578	131.78
852.628	124.39
852.679	130.149
852.729	132.825
852.78	129.981
852.831	138.131
852.881	129.315
852.932	142.536
852.982	134.505
853.033	146.274
853.083	140.483
853.134	138.487
853.184	128.236
853.235	119.189
853.285	142.599
853.336	124.77
853.386	133.736
853.437	135.876
853.487	132.069
853.538	132.592
853.588	124.016
853.639	122.878
853.689	136.431
853.74	129.057
853.79	129.927
853.841	140.425
853.891	138.85
853.942	126.538
853.992	133.167
854.043	130.14
854.093	131.395
854.144	129.682
854.194	134.256
854.245	122.998
854.295	128.689
854.346	130.714
854.396	136.665
854.447	122.564
854.497	133.352
854.548	129.464
854.598	119.548
854.649	130.855
854.699	132.825
854.75	124.064
854.8	122.489
854.851	127.482
854.901	115.342
854.952	123.377
855.002	132.687
855.053	123.086
855.103	125.358
855.154	118.218
855.204	126.461
855.255	125.749
855.305	120.46
855.356	122.523
855.406	118.15
855.457	122.095
855.507	129.962
855.558	122.423
855.608	126.696
855.659	128.482
855.709	124.293
855.76	124.397
855.81	124.909
855.861	119.268
855.911	123.88
855.962	122.066
856.012	126.706
856.063	123.641
856.113	116.25
856.164	119.131
856.214	122.989
856.265	127.725
856.315	125.205
856.366	125.436
856.416	128.309
856.467	130.819
856.517	127.948
856.568	121.38
856.618	116.716
856.668	117.302
856.719	122.645
856.769	116.055
856.82	122.585
856.87	133.553
856.921	130.848
856.971	122.45
857.022	124.244
857.072	120.439
857.123	119.911
857.173	113.888
857.224	113.578
857.274	126.193
857.325	121.232
857.352	118
857.403	104
857.453	106
857.504	112
857.555	116
857.606	116
857.656	112
857.707	126
857.758	122
857.809	106
857.859	120
857.91	122
857.961	114
858.012	116
858.063	116
858.113	118
858.164	118
858.215	110
858.266	120
858.316	134
858.367	120
858.418	118
858.469	118
858.519	126
858.57	132
858.621	118
858.672	106
858.722	132
858.773	116
858.824	112
858.875	126
858.925	126
858.976	120
859.027	118
859.078	116
859.128	112
859.179	128
859.23	116
859.281	122
859.331	116
859.382	126
859.433	114
859.483	108
859.534	122
859.585	106
859.636	108
859.686	108
859.737	116
859.788	112
859.839	126
859.889	118
859.94	116
859.991	110
860.042	114
860.092	108
860.143	106
860.194	112
860.245	116
860.295	102
860.346	124
860.397	116
860.447	122
860.498	104
860.549	116
860.6	124
860.65	104
860.701	116
860.752	114
860.802	120
860.853	110
860.904	112
860.955	126
861.005	112
861.056	120
861.107	106
861.158	118
861.208	114
861.259	114
861.31	118
861.36	106
861.411	118
861.462	108
861.513	112
861.563	100
861.614	116
861.665	110
861.715	118
861.766	116
861.817	122
861.868	112
861.918	112
861.969	110
862.02	124
862.07	108
862.121	104
862.172	108
862.223	112
862.273	118
862.324	110
862.375	108
862.425	100
862.476	118
862.527	126
862.577	112
862.628	114
862.679	116
862.73	106
862.78	108
862.831	108
862.882	112
862.932	108
862.983	102
863.034	96
863.084	106
863.135	110
863.186	110
863.237	112
863.287	92
863.338	114
863.389	116
863.439	102
863.49	108
863.541	104
863.591	110
863.642	116
863.693	114
863.744	110
863.794	108
863.845	102
863.896	122
863.946	104
863.997	96
864.048	110
864.098	108
864.149	102
864.2	112
864.25	110
864.301	120
864.352	116
864.402	106
864.453	108
864.504	114
864.555	108
864.605	110
864.656	108
864.707	110
864.757	102
864.808	114
864.859	88
864.909	118
864.96	106
865.011	112
865.061	104
865.112	106
865.163	92
865.213	106
865.264	112
865.315	110
865.365	112
865.416	100
865.467	100
865.517	100
865.568	112
865.619	106
865.669	112
865.72	100
865.771	104
865.821	102
865.872	114
865.923	112
865.973	98
866.024	104
866.075	116
866.125	112
866.176	96
866.227	108
866.277	106
866.328	98
866.379	114
866.429	92
866.48	108
866.531	116
866.581	110
866.632	114
866.683	92
866.733	100
866.784	108
866.835	110
866.885	102
866.936	108
866.987	112
867.037	86
867.088	106
867.138	118
867.189	112
867.24	108
867.29	100
867.341	104
867.392	100
867.442	88
867.493	94
867.544	104
867.594	110
867.645	94
867.696	104
867.746	100
867.797	116
867.848	96
867.898	112
867.949	96
867.999	104
868.05	110
868.101	108
868.151	92
868.202	110
868.253	102
868.303	98
868.354	102
868.405	110
868.455	98
868.506	86
868.556	102
868.607	114
868.658	106
868.708	98
868.759	96
868.81	106
868.86	96
868.911	106
868.961	102
869.012	102
869.063	102
869.113	108
869.164	94
869.215	100
869.265	98
869.316	102
869.367	98
869.417	90
869.468	102
869.518	98
869.569	110
869.62	96
869.67	114
869.721	106
869.771	92
869.822	100
869.873	114
869.923	98
869.974	102
870.025	106
870.075	90
870.126	90
870.176	100
870.227	108
870.278	96
870.328	100
870.379	104
870.43	100
870.48	104
870.531	110
870.581	94
870.632	106
870.683	98
870.733	100
870.784	96
870.834	82
870.885	98
870.936	92
870.986	100
871.037	102
871.087	104
871.138	90
871.189	88
871.239	104
871.29	102
871.34	106
871.391	104
871.442	108
871.492	94
871.543	104
871.593	106
871.644	102
871.695	110
871.745	102
871.796	88
871.846	98
871.897	98
871.948	94
871.998	98
872.049	90
872.099	108
872.15	92
872.201	92
872.251	80
872.302	88
872.352	100
872.403	92
872.453	84
872.504	104
872.555	104
872.605	106
872.656	102
872.706	102
872.757	100
872.808	88
872.858	86
872.909	98
872.959	92
873.01	82
873.06	92
873.111	108
873.162	88
873.212	90
873.263	96
873.313	108
873.364	102
873.415	100
873.465	100
873.516	104
873.566	104
873.617	80
873.667	92
873.718	104
873.769	90
873.819	96
873.87	88
873.92	98
873.971	94
874.021	96
874.072	88
874.123	104
874.173	94
874.224	84
874.274	86
874.325	84
874.375	94
874.426	100
874.477	96
874.527	98
874.578	100
874.628	76
874.679	86
874.729	96
874.78	94
874.83	94
874.881	92
874.932	96
874.982	98
875.033	92
875.083	98
875.134	96
875.184	102
875.235	102
875.285	74
875.336	94
875.387	102
875.437	96
875.488	96
875.538	94
875.589	100
875.639	90
875.69	82
875.74	102
875.791	96
875.841	84
875.892	96
875.943	92
875.993	100
876.044	100
876.094	90
876.145	84
876.195	98
876.246	94
876.296	86
876.347	94
876.397	100
876.448	106
876.499	96
876.549	86
876.6	92
876.65	90
876.701	98
876.751	88
876.802	94
876.852	94
876.903	94
876.953	90
877.004	94
877.054	96
877.105	80
877.155	88
877.206	90
877.257	88
877.307	98
877.358	80
877.408	90
877.459	100
877.509	84
877.56	90
877.61	100
877.661	92
877.711	88
877.762	82
877.812	88
877.863	96
877.913	80
877.964	70
878.014	100
878.065	96
878.115	88
878.166	98
878.216	92
878.267	106
878.318	84
878.368	88
878.419	92
878.469	98
878.52	94
878.57	100
878.621	90
878.671	86
878.722	106
878.772	84
878.823	86
878.873	92
878.924	78
878.974	92
879.025	90
879.075	90
879.126	80
879.176	92
879.227	90
879.277	94
879.328	92
879.378	88
879.429	98
879.479	94
879.53	76
879.58	80
879.631	82
879.681	84
879.732	86
879.782	88
879.833	88
879.883	94
879.934	84
879.984	86
880.035	82
880.085	78
880.136	92
880.186	88
880.237	88
880.287	88
880.338	88
880.388	82
880.439	90
880.489	86
880.54	100
880.59	80
880.641	92
880.691	92
880.742	94
880.792	78
880.842	86
880.893	86
880.943	96
880.994	84
881.044	84
881.095	82
881.145	92
881.196	86
881.246	88
881.297	92
881.347	100
881.398	76
881.448	92
881.499	80
881.549	74
881.6	86
881.65	94
881.701	86
881.751	88
881.802	76
881.852	76
881.902	92
881.953	86
882.003	92
882.054	82
882.104	84
882.155	84
882.205	82
882.256	74
882.306	90
882.357	78
882.407	82
882.458	86
882.508	82
882.559	86
882.609	76
882.659	84
882.71	92
882.76	88
882.811	80
882.861	86
882.912	78
882.962	96
883.013	78
883.063	72
883.114	92
883.164	92
883.214	78
883.265	78
883.315	78
883.366	78
883.416	76
883.467	70
883.517	88
883.568	76
883.618	68
883.669	90
883.719	80
883.769	92
883.82	78
883.87	82
883.921	98
883.971	82
884.022	88
884.072	86
884.123	86
884.173	98
884.223	86
884.274	82
884.324	86
884.375	94
884.425	80
884.476	68
884.526	74
884.577	88
884.627	80
884.677	78
884.728	70
884.778	84
884.829	88
884.879	78
884.93	78
884.98	84
885.03	90
885.081	84
885.131	80
885.182	78
885.232	90
885.283	82
885.333	80
885.383	98
885.434	72
885.484	74
885.535	72
885.585	80
885.635	86
885.686	84
885.736	80
885.787	72
885.837	76
885.888	90
885.938	76
885.988	74
886.039	86
886.089	82
886.14	76
886.19	88
886.241	60
886.291	82
886.341	78
886.392	72
886.442	76
886.493	76
886.543	76
886.593	78
886.644	84
886.694	80
886.745	78
886.795	72
886.845	78
886.896	86
886.946	74
886.997	80
887.047	74
887.097	62
887.148	66
887.198	80
887.249	82
887.299	82
887.349	84
887.4	82
887.45	84
887.501	78
887.551	76
887.602	82
887.652	90
887.702	90
887.753	74
887.803	78
887.853	84
887.904	76
887.954	82
888.005	80
888.055	82
888.105	78
888.156	72
888.206	78
888.257	82
888.307	88
888.357	80
888.408	68
888.458	80
888.509	76
888.559	74
888.609	82
888.66	82
888.71	74
888.76	74
888.811	82
888.861	88
888.912	78
888.962	72
889.012	70
889.063	76
889.113	82
889.163	66
889.214	82
889.264	72
889.315	80
889.365	72
889.415	76
889.466	78
889.516	80
889.566	86
889.617	72
889.667	86
889.718	76
889.768	74
889.818	66
889.869	78
889.919	86
889.969	76
890.02	74
890.07	86
890.12	76
890.171	72
890.221	68
890.272	70
890.322	84
890.372	72
890.423	72
890.473	86
890.523	64
890.574	76
890.624	88
890.674	76
890.725	78
890.775	72
890.826	70
890.876	80
890.926	74
890.977	70
891.027	80
891.077	74
891.128	86
891.178	64
891.228	72
891.279	72
891.329	78
891.379	94
891.43	80
891.48	68
891.53	90
891.581	72
891.631	82
891.681	70
891.732	74
891.782	70
891.832	76
891.883	78
891.933	86
891.983	60
892.034	66
892.084	72
892.134	78
892.185	64
892.235	56
892.286	66
892.336	88
892.386	76
892.437	68
892.487	68
892.537	72
892.587	84
892.638	74
892.688	64
892.738	84
892.789	76
892.839	70
892.889	82
892.94	74
892.99	76
893.04	64
893.091	82
893.141	80
893.191	70
893.242	62
893.292	60
893.342	74
893.393	76
893.443	66
893.493	68
893.544	74
893.594	56
893.644	60
893.695	62
893.745	76
893.795	78
893.846	76
893.896	72
893.946	72
893.996	66
894.047	68
894.097	80
894.147	64
894.198	82
894.248	66
894.298	66
894.349	68
894.399	78
894.449	64
894.5	74
894.55	66
894.6	76
894.65	64
894.701	60
894.751	78
894.801	64
894.852	72
894.902	66
894.952	70
895.003	80
895.053	70
895.103	62
895.153	78
895.204	70
895.254	64
895.304	76
895.355	64
895.405	74
895.455	74
895.505	68
895.556	72
895.606	72
895.656	66
895.707	68
895.757	70
895.807	62
895.858	78
895.908	66
895.958	54
896.008	58
896.059	74
896.109	58
896.159	72
896.21	66
896.26	64
896.31	66
896.36	56
896.411	72
896.461	68
896.511	74
896.561	62
896.612	72
896.662	72
896.712	58
896.763	60
896.813	68
896.863	76
896.913	72
896.964	56
897.014	70
897.064	76
897.115	66
897.165	58
897.215	68
897.265	64
897.316	70
897.366	64
897.416	66
897.466	74
897.517	54
897.567	64
897.617	62
897.667	64
897.718	68
897.768	64
897.818	74
897.868	70
897.919	72
897.969	68
898.019	70
898.069	72
898.12	72
898.17	62
898.22	66
898.27	72
898.321	74
898.371	60
898.421	68
898.471	70
898.522	62
898.572	68
898.622	74
898.672	74
898.723	68
898.773	62
898.823	66
898.873	70
898.924	76
898.974	62
899.024	54
899.074	58
899.125	59
899.175	60
899.225	62
899.275	68
899.326	72
899.376	64
899.426	56
899.476	68
899.527	62
899.577	68
899.627	58
899.677	70
899.728	74
899.778	58
899.828	68
899.878	72
899.928	70
899.979	70
