520.044	80
520.097	80
520.149	64
520.201	68
520.254	72
520.306	64
520.359	74
520.411	70
520.464	64
520.516	80
520.569	76
520.621	76
520.674	70
520.726	74
520.778	66
520.831	70
520.883	72
520.936	78
520.988	76
521.041	74
521.093	76
521.146	70
521.198	74
521.25	66
521.303	84
521.355	80
521.408	70
521.46	76
521.513	72
521.565	78
521.617	76
521.67	70
521.722	68
521.775	72
521.827	72
521.88	72
521.932	76
521.984	68
522.037	70
522.089	64
522.142	64
522.194	70
522.247	70
522.299	72
522.352	72
522.404	76
522.456	80
522.509	76
522.561	74
522.614	72
522.666	78
522.719	70
522.771	82
522.823	74
522.876	86
522.928	80
522.981	64
523.033	70
523.086	74
523.138	82
523.19	90
523.243	72
523.295	80
523.348	76
523.4	68
523.453	76
523.505	64
523.557	70
523.61	70
523.662	78
523.715	78
523.767	72
523.82	70
523.872	78
523.924	80
523.977	80
524.029	60
524.082	70
524.134	84
524.186	80
524.239	78
524.291	76
524.344	76
524.396	72
524.449	74
524.501	82
524.553	80
524.606	72
524.658	74
524.711	84
524.763	78
524.815	82
524.868	72
524.92	74
524.973	86
525.025	82
525.078	90
525.13	82
525.182	74
525.235	88
525.287	86
525.34	74
525.392	80
525.444	82
525.497	80
525.549	74
525.602	74
525.654	86
525.706	78
525.759	84
525.811	84
525.864	84
525.916	78
525.969	86
526.021	88
526.073	90
526.126	86
526.178	88
526.231	92
526.283	76
526.335	90
526.388	90
526.44	90
526.493	90
526.545	84
526.597	88
526.65	92
526.702	74
526.755	80
526.807	94
526.859	82
526.912	96
526.964	80
527.017	80
527.069	82
527.121	90
527.174	82
527.226	92
527.279	76
527.331	88
527.383	66
527.436	92
527.488	78
527.54	82
527.593	74
527.645	94
527.698	80
527.75	90
527.802	84
527.855	80
527.907	86
527.96	78
528.012	88
528.064	84
528.117	78
528.169	90
528.222	88
528.274	86
528.326	84
528.379	90
528.431	94
528.484	80
528.536	82
528.588	76
528.641	80
528.693	76
528.745	80
528.798	82
528.85	80
528.903	84
528.955	76
529.007	88
529.06	78
529.112	96
529.164	82
529.217	76
529.269	76
529.322	82
529.374	78
529.426	90
529.479	80
529.531	86
529.584	90
529.636	84
529.688	90
529.741	86
529.793	74
529.845	76
529.898	88
529.95	74
530.003	90
530.055	84
530.107	76
530.16	70
530.212	84
530.264	84
530.317	78
530.369	90
530.422	80
530.474	84
530.526	82
530.579	86
530.631	92
530.683	74
530.736	94
530.788	90
530.841	86
530.893	84
530.945	80
530.998	88
531.05	86
531.102	86
531.155	88
531.207	80
531.259	82
531.312	86
531.364	86
531.417	78
531.469	88
531.521	88
531.574	92
531.626	98
531.678	110
531.731	98
531.783	104
531.835	92
531.888	90
531.94	84
531.992	92
532.045	84
532.097	100
532.15	90
532.202	94
532.254	80
532.307	86
532.359	88
532.411	98
532.464	92
532.516	94
532.568	90
532.621	92
532.673	84
532.726	82
532.778	90
532.83	92
532.883	92
532.935	88
532.987	92
533.04	98
533.092	86
533.144	86
533.197	92
533.249	96
533.301	90
533.354	80
533.406	84
533.458	110
533.511	98
533.563	94
533.615	100
533.668	92
533.72	98
533.773	88
533.825	94
533.877	92
533.93	96
533.982	92
534.034	88
534.087	88
534.139	92
534.191	88
534.244	88
534.296	90
534.348	100
534.401	94
534.453	96
534.505	100
534.558	100
534.61	88
534.662	88
534.715	88
534.767	98
534.819	92
534.872	92
534.924	100
534.976	104
535.029	102
535.081	96
535.133	98
535.186	94
535.238	104
535.29	104
535.343	96
535.395	106
535.447	102
535.5	90
535.552	94
535.604	102
535.657	90
535.709	108
535.761	100
535.814	100
535.866	110
535.918	102
535.971	90
536.023	106
536.075	100
536.128	96
536.18	96
536.232	106
536.285	94
536.337	104
536.389	92
536.442	102
536.494	92
536.546	92
536.599	100
536.651	102
536.703	98
536.755	104
536.808	100
536.86	108
536.912	96
536.965	112
537.017	100
537.069	100
537.122	104
537.174	112
537.226	96
537.279	102
537.331	104
537.383	96
537.436	90
537.488	100
537.54	112
537.593	100
537.645	100
537.697	106
537.75	106
537.802	112
537.854	96
537.906	108
537.959	110
538.011	88
538.063	116
538.116	108
538.168	108
538.22	104
538.273	100
538.325	100
538.377	102
538.43	102
538.482	102
538.534	110
538.586	114
538.639	110
538.691	116
538.743	116
538.796	110
538.848	104
538.9	104
538.953	104
539.005	110
539.057	102
539.109	102
539.162	112
539.214	114
539.266	98
539.319	104
539.371	98
539.423	118
539.476	92
539.528	110
539.58	114
539.633	114
539.685	108
539.737	104
539.789	114
539.842	122
539.894	104
539.946	98
539.999	96
540.051	118
540.103	100
540.155	100
540.208	100
540.26	114
540.312	112
540.365	96
540.417	88
540.469	108
540.521	100
540.574	110
540.626	88
540.678	120
540.731	104
540.783	114
540.835	114
540.888	116
540.94	114
540.992	110
541.044	110
541.097	120
541.149	116
541.201	114
541.254	112
541.306	110
541.358	106
541.41	110
541.463	106
541.515	118
541.567	128
541.62	116
541.672	122
541.724	120
541.776	126
541.829	114
541.881	112
541.933	128
541.985	130
542.038	130
542.09	120
542.142	110
542.195	120
542.247	122
542.299	136
542.351	136
542.404	116
542.456	124
542.508	114
542.56	130
542.613	110
542.665	122
542.717	126
542.77	126
542.822	130
542.874	134
542.926	128
542.979	128
543.031	132
543.083	134
543.135	120
543.188	134
543.24	114
543.292	130
543.344	134
543.397	120
543.449	134
543.501	116
543.554	126
543.606	130
543.658	128
543.71	124
543.763	136
543.815	134
543.867	136
543.919	138
543.972	130
544.024	126
544.076	122
544.128	110
544.181	118
544.233	122
544.285	130
544.337	134
544.39	118
544.442	124
544.494	134
544.547	130
544.599	122
544.651	130
544.703	138
544.755	130
544.808	146
544.86	134
544.912	130
544.965	126
545.017	130
545.069	134
545.121	142
545.174	128
545.226	124
545.278	130
545.33	146
545.383	130
545.435	126
545.487	122
545.539	132
545.591	138
545.644	146
545.696	120
545.748	126
545.8	134
545.853	144
545.905	130
545.957	142
546.009	126
546.062	134
546.114	136
546.166	142
546.218	140
546.271	144
546.323	148
546.375	156
546.427	142
546.48	138
546.532	152
546.584	148
546.636	172
546.689	162
546.741	140
546.793	148
546.845	158
546.898	156
546.95	152
547.002	154
547.054	158
547.106	150
547.159	144
547.211	150
547.263	154
547.315	160
547.368	150
547.42	142
547.472	162
547.524	152
547.577	150
547.629	156
547.681	152
547.733	154
547.785	150
547.838	158
547.89	158
547.942	152
547.994	154
548.047	150
548.099	150
548.151	160
548.203	152
548.255	154
548.308	172
548.36	166
548.412	174
548.464	148
548.517	154
548.569	158
548.621	158
548.673	158
548.725	164
548.778	158
548.83	160
548.882	168
548.934	158
548.987	168
549.039	176
549.091	158
549.143	178
549.195	166
549.248	164
549.3	162
549.352	164
549.404	160
549.456	168
549.509	172
549.561	174
549.613	168
549.665	170
549.718	172
549.77	166
549.822	178
549.874	186
549.926	166
549.979	176
550.031	180
550.083	170
550.135	180
550.187	182
550.24	168
550.292	170
550.344	172
550.396	182
550.448	196
550.501	186
550.553	166
550.605	192
550.657	200
550.709	192
550.762	186
550.814	198
550.866	192
550.918	184
550.97	170
551.023	192
551.075	208
551.127	212
551.179	198
551.231	208
551.284	212
551.336	224
551.388	220
551.44	220
551.492	242
551.545	236
551.597	230
551.649	248
551.701	242
551.753	232
551.806	250
551.858	248
551.91	250
551.962	270
552.014	270
552.067	308
552.119	320
552.171	350
552.223	386
552.275	438
552.327	558
552.38	936
552.432	1822
552.484	3346
552.536	5800
552.588	9282
552.641	12598
552.693	11926
552.745	9690
552.797	7538
552.849	4798
552.901	2276
552.954	1018
553.006	630
553.058	466
553.11	390
553.162	330
553.215	292
553.267	284
553.319	254
553.371	262
553.423	244
553.475	244
553.528	242
553.58	220
553.632	220
553.684	202
553.736	202
553.788	226
553.841	210
553.893	214
553.945	200
553.997	210
554.049	216
554.102	194
554.154	210
554.206	208
554.258	222
554.31	198
554.362	186
554.414	198
554.467	196
554.519	202
554.571	200
554.623	208
554.675	212
554.727	206
554.78	196
554.832	210
554.884	210
554.936	198
554.988	204
555.04	200
555.093	192
555.145	198
555.197	198
555.249	192
555.301	194
555.353	186
555.406	208
555.458	186
555.51	212
555.562	208
555.614	214
555.666	208
555.719	218
555.771	220
555.823	210
555.875	214
555.927	218
555.979	218
556.031	186
556.084	224
556.136	204
556.188	208
556.24	202
556.292	198
556.344	194
556.396	200
556.449	214
556.501	228
556.553	212
556.605	210
556.657	214
556.709	208
556.762	206
556.814	214
556.866	208
556.918	222
556.97	216
557.022	210
557.074	220
557.127	234
557.179	232
557.231	232
557.283	226
557.335	218
557.387	216
557.439	218
557.492	230
557.544	228
557.596	234
557.648	216
557.7	202
557.752	224
557.804	222
557.856	224
557.909	232
557.961	238
558.013	222
558.065	230
558.117	234
558.169	228
558.221	220
558.273	230
558.326	212
558.378	228
558.43	240
558.482	234
558.534	226
558.586	230
558.638	232
558.691	224
558.743	226
558.795	218
558.847	234
558.899	242
558.951	214
559.003	228
559.055	218
559.108	232
559.16	226
559.212	232
559.264	246
559.316	238
559.368	232
559.42	236
559.472	222
559.525	240
559.577	238
559.629	214
559.681	234
559.733	246
559.785	246
559.837	232
559.889	234
559.941	234
559.994	226
560.046	246
560.098	262
560.15	228
560.202	230
560.254	244
560.306	244
560.358	238
560.41	228
560.463	246
560.515	260
560.567	242
560.619	244
560.671	246
560.723	236
560.775	262
560.827	250
560.879	250
560.932	260
560.984	238
561.036	240
561.088	250
561.14	246
561.192	250
561.244	246
561.296	246
561.348	246
561.4	260
561.453	262
561.505	242
561.557	260
561.609	282
561.661	256
561.713	258
561.765	272
561.817	256
561.869	268
561.921	268
561.974	272
562.026	286
562.078	274
562.13	276
562.182	276
562.234	278
562.286	262
562.338	276
562.39	272
562.442	268
562.494	276
562.547	284
562.599	282
562.651	294
562.703	288
562.755	280
562.807	280
562.859	306
562.911	292
562.963	290
563.015	310
563.067	306
563.12	312
563.172	298
563.224	286
563.276	326
563.328	306
563.38	306
563.432	300
563.484	306
563.536	316
563.588	308
563.64	312
563.692	322
563.744	312
563.797	338
563.849	330
563.901	328
563.953	318
564.005	342
564.057	322
564.109	356
564.161	332
564.213	342
564.265	326
564.317	330
564.369	346
564.421	330
564.474	306
564.526	320
564.578	330
564.63	324
564.682	332
564.734	354
564.786	334
564.838	312
564.89	336
564.942	336
564.994	324
565.046	320
565.098	320
565.15	332
565.202	328
565.255	318
565.307	322
565.359	330
565.411	318
565.463	328
565.515	330
565.567	326
565.619	324
565.671	330
565.723	306
565.775	320
565.827	316
565.879	322
565.931	318
565.983	304
566.035	322
566.087	326
566.139	324
566.192	322
566.244	342
566.296	310
566.348	288
566.4	312
566.452	330
566.504	330
566.556	336
566.608	324
566.66	326
566.712	326
566.764	320
566.816	330
566.868	324
566.92	330
566.972	336
567.024	332
567.076	316
567.128	320
567.18	338
567.232	348
567.285	334
567.337	318
567.389	342
567.441	332
567.493	328
567.545	348
567.597	334
567.649	314
567.701	336
567.753	342
567.805	330
567.857	344
567.909	346
567.961	346
568.013	346
568.065	342
568.117	357.97
568.169	347.98
568.221	316.517
568.273	333.967
568.325	327.503
568.377	321.267
568.429	332.513
568.481	337.927
568.533	356.73
568.585	325.803
568.637	345.474
568.69	337.261
568.742	334.372
568.794	357.452
568.846	356.175
568.898	337.38
568.95	353.415
569.002	351.231
569.054	349.34
569.106	347.691
569.158	350.683
569.21	361.851
569.262	355.365
569.314	342.388
569.366	359.276
569.418	363.319
569.47	351.508
569.522	356.504
569.574	374.864
569.626	361.374
569.678	356.045
569.73	344.006
569.782	372.335
569.834	369.856
569.886	367.86
569.938	361.359
569.99	373.69
570.042	382.741
570.094	371.793
570.146	388.123
570.198	380.159
570.25	384.1
570.302	381.661
570.354	372.902
570.406	376.447
570.458	393.27
570.51	389.087
570.562	396.748
570.614	385.359
570.666	390.026
570.718	404.882
570.77	389.83
570.822	388.453
570.874	401.69
570.926	392.114
570.978	395.949
571.03	413.395
571.082	402.324
571.134	400.071
571.186	408.265
571.238	422.437
571.29	423.38
571.342	428.203
571.394	422.159
571.446	420.346
571.498	423.171
571.55	422.057
571.602	429.401
571.654	425.754
571.706	432.523
571.758	437.845
571.81	437.863
571.862	422.04
571.914	450.19
571.966	458.579
572.018	446.021
572.07	431.512
572.122	440.916
572.174	445.504
572.226	455.788
572.278	462.205
572.33	451.417
572.382	468.142
572.434	454.44
572.486	466.312
572.538	469.089
572.59	469.346
572.642	486.396
572.694	475.782
572.746	500.78
572.798	517.718
572.85	488.801
572.902	506.207
572.954	476.804
573.006	508.126
573.058	504.801
573.11	506.834
573.162	512.6
573.214	513.491
573.266	522.397
573.312	524
573.364	532
573.416	522
573.469	544
573.521	532
573.573	534
573.625	560
573.677	548
573.73	572
573.782	562
573.834	544
573.886	572
573.938	560
573.991	562
574.043	560
574.095	586
574.147	598
574.199	582
574.252	596
574.304	620
574.356	618
574.408	588
574.46	606
574.513	602
574.565	616
574.617	638
574.669	638
574.721	616
574.774	638
574.826	620
574.878	666
574.93	654
574.982	678
575.035	648
575.087	630
575.139	642
575.191	620
575.243	652
575.296	668
575.348	660
575.4	694
575.452	686
575.504	698
575.556	680
575.609	696
575.661	670
575.713	690
575.765	706
575.817	692
575.87	668
575.922	702
575.974	692
576.026	686
576.078	680
576.131	692
576.183	690
576.235	710
576.287	670
576.339	710
576.391	700
576.444	676
576.496	668
576.548	648
576.6	682
576.652	672
576.705	678
576.757	660
576.809	686
576.861	666
576.913	658
576.965	682
577.018	680
577.07	686
577.122	668
577.174	660
577.226	682
577.279	660
577.331	646
577.383	646
577.435	666
577.487	672
577.539	662
577.592	644
577.644	654
577.696	640
577.748	682
577.8	636
577.852	644
577.905	672
577.957	634
578.009	636
578.061	628
578.113	654
578.165	596
578.218	628
578.27	632
578.322	644
578.374	646
578.426	598
578.478	632
578.531	622
578.583	602
578.635	602
578.687	628
578.739	622
578.791	638
578.844	600
578.896	610
578.948	606
579	638
579.052	614
579.104	590
579.157	614
579.209	608
579.261	598
579.313	606
579.365	610
579.417	610
579.47	620
579.522	616
579.574	646
579.626	626
579.678	616
579.73	618
579.782	646
579.835	654
579.887	642
579.939	614
579.991	636
580.043	624
580.095	646
580.148	620
580.2	644
580.252	616
580.304	648
580.356	626
580.408	646
580.46	622
580.513	634
580.565	618
580.617	630
580.669	616
580.721	592
580.773	624
580.826	644
580.878	626
580.93	618
580.982	630
581.034	600
581.086	646
581.138	640
581.191	636
581.243	650
581.295	610
581.347	610
581.399	640
581.451	662
581.503	626
581.556	636
581.608	624
581.66	634
581.712	662
581.764	630
581.816	628
581.868	648
581.92	634
581.973	648
582.025	636
582.077	650
582.129	640
582.181	652
582.233	616
582.285	648
582.338	648
582.39	632
582.442	644
582.494	662
582.546	644
582.598	638
582.65	628
582.703	646
582.755	678
582.807	662
582.859	632
582.911	668
582.963	660
583.015	674
583.067	616
583.12	646
583.172	642
583.224	656
583.276	654
583.328	656
583.38	664
583.432	670
583.484	658
583.537	648
583.589	654
583.641	670
583.693	656
583.745	688
583.797	656
583.849	684
583.901	670
583.953	676
584.006	684
584.058	652
584.11	674
584.162	682
584.214	700
584.266	692
584.318	680
584.37	684
584.423	672
584.475	708
584.527	682
584.579	690
584.631	722
584.683	686
584.735	686
584.787	702
584.839	718
584.892	684
584.944	686
584.996	700
585.048	724
585.1	718
585.152	698
585.204	712
585.256	688
585.308	706
585.361	722
585.413	696
585.465	710
585.517	744
585.569	742
585.621	704
585.673	710
585.725	718
585.777	730
585.83	738
585.882	746
585.934	768
585.986	736
586.038	732
586.09	748
586.142	724
586.194	746
586.246	778
586.298	770
586.351	756
586.403	712
586.455	744
586.507	778
586.559	784
586.611	734
586.663	752
586.715	750
586.767	782
586.819	772
586.872	760
586.924	738
586.976	756
587.028	770
587.08	778
587.132	748
587.184	778
587.236	774
587.288	798
587.34	784
587.392	762
587.445	764
587.497	776
587.549	752
587.601	778
587.653	770
587.705	774
587.757	780
587.809	752
587.861	772
587.913	780
587.965	784
588.018	784
588.07	784
588.122	772
588.174	832
588.226	778
588.278	782
588.33	784
588.382	778
588.434	770
588.486	780
588.538	772
588.59	814
588.642	782
588.695	768
588.747	780
588.799	788
588.851	794
588.903	792
588.955	804
589.007	804
589.059	796
589.111	852
589.163	810
589.215	820
589.267	828
589.319	800
589.372	800
589.424	814
589.476	842
589.528	840
589.58	812
589.632	824
589.684	844
589.736	816
589.788	850
589.84	796
589.892	828
589.944	820
589.996	816
590.048	790
590.101	832
590.153	814
590.205	830
590.257	798
590.309	846
590.361	814
590.413	830
590.465	818
590.517	830
590.569	816
590.621	808
590.673	834
590.725	818
590.777	828
590.829	780
590.881	800
590.933	848
590.986	804
591.038	816
591.09	808
591.142	832
591.194	828
591.246	784
591.298	804
591.35	818
591.402	790
591.454	794
591.506	798
591.558	836
591.61	818
591.662	798
591.714	788
591.766	818
591.818	782
591.87	798
591.923	800
591.975	808
592.027	814
592.079	818
592.131	800
592.183	798
592.235	810
592.287	778
592.339	784
592.391	810
592.443	800
592.495	806
592.547	784
592.599	790
592.651	792
592.703	796
592.755	794
592.807	786
592.859	770
592.911	812
592.963	808
593.015	824
593.068	816
593.12	800
593.172	800
593.224	816
593.276	794
593.328	808
593.38	786
593.432	788
593.484	774
593.536	798
593.588	772
593.64	794
593.692	790
593.744	764
593.796	806
593.848	792
593.9	826
593.952	788
594.004	794
594.056	804
594.108	798
594.16	808
594.212	808
594.264	806
594.316	802
594.368	820
594.42	810
594.472	816
594.524	802
594.576	814
594.628	782
594.68	828
594.732	802
594.784	804
594.837	798
594.889	792
594.941	828
594.993	816
595.045	802
595.097	812
595.149	830
595.201	818
595.253	816
595.305	828
595.357	836
595.409	854
595.461	806
595.513	804
595.565	822
595.617	844
595.669	822
595.721	826
595.773	840
595.825	848
595.877	848
595.929	832
595.981	840
596.033	832
596.085	830
596.137	842
596.189	878
596.241	854
596.293	844
596.345	832
596.397	846
596.449	842
596.501	892
596.553	840
596.605	868
596.657	860
596.709	882
596.761	856
596.813	864
596.865	856
596.917	842
596.969	844
597.021	858
597.073	834
597.125	872
597.177	822
597.229	874
597.281	850
597.333	848
597.385	838
597.437	834
597.489	846
597.541	878
597.593	848
597.645	858
597.697	852
597.749	836
597.801	852
597.853	884
597.905	856
597.957	890
598.009	862
598.061	838
598.113	882
598.165	872
598.217	872
598.269	890
598.321	824
598.373	888
598.425	856
598.477	872
598.529	870
598.581	856
598.633	860
598.685	880
598.737	882
598.789	852
598.841	880
598.893	846
598.945	886
598.997	898
599.049	840
599.101	846
599.153	888
599.205	888
599.257	856
599.309	878
599.361	896
599.413	850
599.465	878
599.517	864
599.569	858
599.62	862
599.672	852
599.724	898
599.776	896
599.828	850
599.88	862
599.932	892
599.984	874
600.036	846
600.088	844
600.14	864
600.192	878
600.244	892
600.296	844
600.348	842
600.4	850
600.452	872
600.504	886
600.556	866
600.608	896
600.66	864
600.712	874
600.764	882
600.816	862
600.868	862
600.92	882
600.972	842
601.024	880
601.076	882
601.128	874
601.18	856
601.232	868
601.284	860
601.335	846
601.387	868
601.439	842
601.491	848
601.543	888
601.595	830
601.647	870
601.699	874
601.751	854
601.803	848
601.855	868
601.907	838
601.959	848
602.011	874
602.063	838
602.115	864
602.167	884
602.219	838
602.271	848
602.323	850
602.375	868
602.427	848
602.478	844
602.53	876
602.582	880
602.634	880
602.686	882
602.738	872
602.79	866
602.842	858
602.894	874
602.946	856
602.998	856
603.05	872
603.102	888
603.154	912
603.206	870
603.258	880
603.31	894
603.362	864
603.413	878
603.465	880
603.517	882
603.569	854
603.621	884
603.673	872
603.725	908
603.777	884
603.829	870
603.881	868
603.933	874
603.985	896
604.037	916
604.089	882
604.141	870
604.193	892
604.244	892
604.296	880
604.348	876
604.4	892
604.452	874
604.504	860
604.556	878
604.608	914
604.66	880
604.712	914
604.764	906
604.816	866
604.868	898
604.92	900
604.971	898
605.023	890
605.075	880
605.127	912
605.179	888
605.231	884
605.283	914
605.335	910
605.387	900
605.439	936
605.491	908
605.543	876
605.594	886
605.646	912
605.698	906
605.75	874
605.802	868
605.854	886
605.906	880
605.958	892
606.01	880
606.062	892
606.114	888
606.166	886
606.217	916
606.269	916
606.321	882
606.373	872
606.425	888
606.477	878
606.529	910
606.581	892
606.633	900
606.685	892
606.737	874
606.789	882
606.84	888
606.892	856
606.944	892
606.996	886
607.048	910
607.1	900
607.152	910
607.204	902
607.256	884
607.308	886
607.359	898
607.411	896
607.463	910
607.515	890
607.567	900
607.619	896
607.671	860
607.723	924
607.775	888
607.827	918
607.878	888
607.93	916
607.982	882
608.034	910
608.086	884
608.138	926
608.19	918
608.242	876
608.294	874
608.345	934
608.397	932
608.449	936
608.501	902
608.553	896
608.605	938
608.657	916
608.709	892
608.761	920
608.812	902
608.864	914
608.916	906
608.968	914
609.02	944
609.072	920
609.124	882
609.176	912
609.228	914
609.279	904
609.331	914
609.383	898
609.435	936
609.487	932
609.539	918
609.591	924
609.643	930
609.694	922
609.746	914
609.798	944
609.85	896
609.902	922
609.954	944
610.006	908
610.058	944
610.109	930
610.161	946
610.213	940
610.265	898
610.317	916
610.369	958
610.421	958
610.473	952
610.524	936
610.576	938
610.628	964
610.68	966
610.732	932
610.784	970
610.836	930
610.887	964
610.939	954
610.991	964
611.043	944
611.095	960
611.147	964
611.199	908
611.25	914
611.302	954
611.354	942
611.406	954
611.458	962
611.51	952
611.562	950
611.614	946
611.665	938
611.717	936
611.769	964
611.821	958
611.873	940
611.925	918
611.977	990
612.028	932
612.08	974
612.132	954
612.184	936
612.236	958
612.288	964
612.339	962
612.391	974
612.443	958
612.495	968
612.547	940
612.599	942
612.651	976
612.702	974
612.754	978
612.806	986
612.858	980
612.91	974
612.962	996
613.013	962
613.065	970
613.117	974
613.169	972
613.221	976
613.273	968
613.325	994
613.376	968
613.428	996
613.48	944
613.532	956
613.584	982
613.635	998
613.687	984
613.739	988
613.791	980
613.843	1026
613.895	1000
613.947	964
613.998	984
614.05	978
614.102	994
614.154	998
614.206	1028
614.258	1006
614.309	980
614.361	988
614.413	986
614.465	998
614.517	1012
614.568	1030
614.62	1002
614.672	1032
614.724	1008
614.776	1010
614.828	998
614.879	1012
614.931	1020
614.983	1010
615.035	1028
615.087	1000
615.139	1036
615.19	990
615.242	1020
615.294	1042
615.346	1014
615.398	1024
615.449	1006
615.501	1052
615.553	1032
615.605	1048
615.657	982
615.709	1052
615.76	1068
615.812	1034
615.864	1032
615.916	1010
615.968	1006
616.019	1045.7
616.071	1033.25
616.123	1031.86
616.175	1044.57
616.227	1026.04
616.278	1021.11
616.33	1032.68
616.382	1043.12
616.434	1053.64
616.486	1032.33
616.537	1063.23
616.589	1052.62
616.641	1045.95
616.693	1020.02
616.745	1028.23
616.797	1032.74
616.848	1047.92
616.9	1032.21
616.952	1052.94
617.004	1059.94
617.056	1050.31
617.107	1045.36
617.159	1063.85
617.211	1033.82
617.263	1037.53
617.315	1044.47
617.366	1049.09
617.418	1055.02
617.47	1013.09
617.522	1029.42
617.573	1047.02
617.625	1051.91
617.677	1039.52
617.729	1038.85
617.781	1045.41
617.832	1063.24
617.884	1032.92
617.936	1042.99
617.988	1060.04
618.04	1052.82
618.091	1053.96
618.143	1029.11
618.195	1064.6
618.247	1061.27
618.299	1049.69
618.35	1054.65
618.402	1034.67
618.454	1050.99
618.506	1049.01
618.557	1053.8
618.609	1066.79
618.661	1032.85
618.713	1053.13
618.765	1059.24
618.816	1051.78
618.868	1052.21
618.92	1063.73
618.972	1042.41
619.023	1052.84
619.075	1055.55
619.127	1049.95
619.179	1067.88
619.231	1070.55
619.282	1062.65
619.334	1073.72
619.386	1077.72
619.438	1081.07
619.49	1040.6
619.541	1063.78
619.593	1071.85
619.645	1064.73
619.697	1069.3
619.748	1064.45
619.8	1069.75
619.852	1078.58
619.904	1080.39
619.955	1066.15
620.007	1067.85
620.059	1083.17
620.111	1053.99
620.162	1065.08
620.214	1093.54
620.266	1086
620.318	1083.12
620.37	1073.25
620.421	1072.59
620.473	1077.87
620.525	1073.22
620.577	1059.75
620.628	1062.18
620.68	1061.81
620.732	1065.3
620.784	1078.86
620.835	1062.62
620.887	1051.15
620.939	1058.5
620.991	1069.71
621.042	1072.36
621.094	1082
621.146	1065.17
621.198	1052.16
621.249	1062.37
621.269	1068
621.321	1084
621.373	1048
621.425	1068
621.477	1046
621.529	1070
621.581	1076
621.633	1102
621.685	1072
621.737	1096
621.789	1070
621.841	1070
621.893	1054
621.945	1072
621.997	1084
622.049	1050
622.101	1076
622.153	1108
622.205	1088
622.257	1106
622.309	1098
622.361	1082
622.413	1096
622.465	1064
622.517	1066
622.569	1066
622.621	1092
622.673	1060
622.725	1092
622.776	1064
622.828	1078
622.88	1060
622.932	1052
622.984	1090
623.036	1040
623.088	1072
623.14	1110
623.192	1072
623.244	1096
623.296	1092
623.348	1078
623.4	1078
623.452	1088
623.504	1082
623.556	1072
623.608	1082
623.66	1104
623.712	1096
623.764	1070
623.816	1054
623.868	1120
623.92	1106
623.972	1098
624.024	1126
624.076	1110
624.128	1080
624.18	1132
624.232	1084
624.284	1072
624.336	1076
624.388	1094
624.44	1098
624.492	1106
624.544	1086
624.596	1092
624.648	1104
624.699	1062
624.751	1102
624.803	1136
624.855	1118
624.907	1068
624.959	1066
625.011	1062
625.063	1116
625.115	1094
625.167	1120
625.219	1084
625.271	1108
625.323	1108
625.375	1100
625.427	1120
625.479	1138
625.531	1124
625.583	1110
625.635	1102
625.687	1094
625.739	1114
625.791	1106
625.843	1094
625.895	1120
625.946	1116
625.998	1108
626.05	1102
626.102	1110
626.154	1134
626.206	1132
626.258	1098
626.31	1118
626.362	1134
626.414	1146
626.466	1100
626.518	1142
626.57	1116
626.622	1104
626.674	1140
626.726	1134
626.778	1104
626.83	1118
626.882	1106
626.934	1128
626.985	1142
627.037	1096
627.089	1140
627.141	1150
627.193	1154
627.245	1108
627.297	1096
627.349	1112
627.401	1140
627.453	1150
627.505	1138
627.557	1170
627.609	1140
627.661	1142
627.713	1138
627.765	1146
627.817	1138
627.868	1126
627.92	1136
627.972	1162
628.024	1146
628.076	1110
628.128	1162
628.18	1170
628.232	1134
628.284	1154
628.336	1140
628.388	1156
628.44	1168
628.492	1148
628.544	1126
628.596	1140
628.647	1112
628.699	1182
628.751	1130
628.803	1146
628.855	1166
628.907	1178
628.959	1144
629.011	1168
629.063	1170
629.115	1146
629.167	1172
629.219	1176
629.271	1140
629.322	1144
629.374	1122
629.426	1172
629.478	1188
629.53	1164
629.582	1134
629.634	1144
629.686	1168
629.738	1144
629.79	1180
629.842	1172
629.894	1160
629.945	1190
629.997	1156
630.049	1194
630.101	1150
630.153	1182
630.205	1170
630.257	1152
630.309	1158
630.361	1218
630.413	1176
630.465	1172
630.517	1182
630.568	1178
630.62	1154
630.672	1196
630.724	1160
630.776	1166
630.828	1158
630.88	1144
630.932	1180
630.984	1174
631.036	1170
631.088	1152
631.14	1184
631.191	1176
631.243	1198
631.295	1204
631.347	1196
631.399	1218
631.451	1160
631.503	1194
631.555	1236
631.607	1198
631.659	1186
631.71	1206
631.762	1204
631.814	1192
631.866	1222
631.918	1230
631.97	1178
632.022	1216
632.074	1232
632.126	1216
632.178	1234
632.229	1234
632.281	1198
632.333	1234
632.385	1208
632.437	1244
632.489	1228
632.541	1210
632.593	1204
632.645	1252
632.696	1240
632.748	1242
632.8	1242
632.852	1222
632.904	1228
632.956	1218
633.008	1220
633.06	1254
633.112	1260
633.164	1320
633.215	1222
633.267	1236
633.319	1216
633.371	1284
633.423	1266
633.475	1234
633.527	1252
633.579	1270
633.63	1210
633.682	1244
633.734	1254
633.786	1262
633.838	1234
633.89	1248
633.942	1264
633.994	1272
634.046	1276
634.097	1284
634.149	1304
634.201	1278
634.253	1282
634.305	1304
634.357	1280
634.409	1302
634.461	1288
634.512	1310
634.564	1278
634.616	1282
634.668	1302
634.72	1298
634.772	1314
634.824	1306
634.876	1314
634.927	1320
634.979	1304
635.031	1310
635.083	1298
635.135	1320
635.187	1302
635.239	1322
635.291	1314
635.342	1274
635.394	1316
635.446	1304
635.498	1312
635.55	1330
635.602	1324
635.654	1296
635.705	1312
635.757	1350
635.809	1332
635.861	1318
635.913	1322
635.965	1346
636.017	1360
636.068	1340
636.12	1326
636.172	1314
636.224	1354
636.276	1330
636.328	1352
636.38	1306
636.431	1338
636.483	1352
636.535	1346
636.587	1332
636.639	1380
636.691	1338
636.743	1360
636.794	1358
636.846	1308
636.898	1386
636.95	1344
637.002	1362
637.054	1364
637.106	1380
637.157	1378
637.209	1398
637.261	1396
637.313	1372
637.365	1348
637.417	1382
637.469	1404
637.52	1414
637.572	1380
637.624	1404
637.676	1372
637.728	1390
637.78	1400
637.831	1406
637.883	1380
637.935	1450
637.987	1422
638.039	1412
638.091	1402
638.143	1392
638.194	1404
638.246	1420
638.298	1416
638.35	1432
638.402	1440
638.454	1392
638.505	1456
638.557	1432
638.609	1410
638.661	1416
638.713	1400
638.765	1418
638.816	1452
638.868	1418
638.92	1404
638.972	1368
639.024	1442
639.076	1422
639.127	1442
639.179	1460
639.231	1442
639.283	1428
639.335	1410
639.387	1438
639.438	1416
639.49	1414
639.542	1374
639.594	1424
639.646	1436
639.698	1382
639.749	1458
639.801	1454
639.853	1456
639.905	1412
639.957	1426
640.008	1412
640.06	1424
640.112	1418
640.164	1442
640.216	1466
640.268	1452
640.319	1418
640.371	1434
640.423	1432
640.475	1408
640.527	1450
640.578	1406
640.63	1436
640.682	1420
640.734	1412
640.786	1426
640.838	1388
640.889	1372
640.941	1434
640.993	1394
641.045	1456
641.097	1408
641.148	1362
641.2	1398
641.252	1408
641.304	1410
641.356	1418
641.408	1426
641.459	1418
641.511	1406
641.563	1392
641.615	1400
641.667	1428
641.718	1444
641.77	1420
641.822	1424
641.874	1370
641.926	1358
641.977	1422
642.029	1404
642.081	1430
642.133	1444
642.185	1410
642.236	1398
642.288	1422
642.34	1398
642.392	1434
642.444	1428
642.495	1432
642.547	1398
642.599	1444
642.651	1426
642.703	1420
642.754	1390
642.806	1420
642.858	1440
642.91	1422
642.962	1470
643.013	1420
643.065	1402
643.117	1382
643.169	1448
643.221	1420
643.272	1380
643.324	1376
643.376	1406
643.428	1386
643.479	1384
643.531	1434
643.583	1382
643.635	1446
643.687	1430
643.738	1400
643.79	1368
643.842	1426
643.894	1402
643.946	1416
643.997	1370
644.049	1416
644.101	1428
644.153	1384
644.205	1430
644.256	1424
644.308	1430
644.36	1414
644.412	1414
644.463	1406
644.515	1418
644.567	1406
644.619	1456
644.671	1402
644.722	1390
644.774	1406
644.826	1416
644.878	1396
644.929	1422
644.981	1398
645.033	1408
645.085	1420
645.136	1400
645.188	1422
645.24	1416
645.292	1414
645.344	1434
645.395	1402
645.447	1420
645.499	1428
645.551	1406
645.602	1440
645.654	1418
645.706	1414
645.758	1448
645.81	1396
645.861	1422
645.913	1428
645.965	1420
646.017	1402
646.068	1456
646.12	1410
646.172	1402
646.224	1446
646.275	1422
646.327	1368
646.379	1394
646.431	1440
646.482	1444
646.534	1448
646.586	1420
646.638	1374
646.689	1414
646.741	1412
646.793	1396
646.845	1418
646.896	1444
646.948	1416
647	1416
647.052	1422
647.104	1436
647.155	1418
647.207	1400
647.259	1396
647.31	1432
647.362	1426
647.414	1424
647.466	1412
647.518	1438
647.569	1410
647.621	1424
647.673	1416
647.724	1420
647.776	1420
647.828	1418
647.88	1430
647.931	1436
647.983	1412
648.035	1396
648.087	1434
648.138	1386
648.19	1414
648.242	1400
648.294	1404
648.345	1414
648.397	1430
648.449	1408
648.501	1438
648.552	1432
648.604	1462
648.656	1472
648.708	1406
648.759	1440
648.811	1430
648.863	1450
648.915	1400
648.966	1446
649.018	1480
649.07	1462
649.121	1428
649.173	1424
649.225	1450
649.277	1466
649.328	1438
649.38	1446
649.432	1412
649.484	1500
649.535	1462
649.587	1442
649.639	1486
649.69	1454
649.742	1444
649.794	1460
649.846	1460
649.897	1472
649.949	1454
650.001	1456
650.053	1472
650.104	1454
650.156	1454
650.208	1478
650.259	1466
650.311	1452
650.363	1460
650.415	1456
650.466	1480
650.518	1468
650.57	1480
650.621	1478
650.673	1440
650.725	1488
650.777	1484
650.828	1450
650.88	1446
650.932	1490
650.984	1488
651.035	1472
651.087	1462
651.139	1466
651.19	1478
651.242	1466
651.294	1500
651.345	1458
651.397	1490
651.449	1490
651.501	1454
651.552	1486
651.604	1464
651.656	1464
651.707	1476
651.759	1486
651.811	1484
651.863	1488
651.914	1490
651.966	1484
652.018	1492
652.069	1504
652.121	1552
652.173	1512
652.224	1494
652.276	1486
652.328	1470
652.38	1484
652.431	1508
652.483	1484
652.535	1504
652.586	1524
652.638	1528
652.69	1504
652.741	1508
652.793	1534
652.845	1516
652.897	1502
652.948	1472
653	1532
653.052	1518
653.103	1454
653.155	1458
653.207	1506
653.258	1526
653.31	1484
653.362	1500
653.413	1532
653.465	1526
653.517	1516
653.568	1494
653.62	1516
653.672	1516
653.724	1486
653.775	1554
653.827	1510
653.879	1526
653.93	1536
653.982	1542
654.034	1516
654.085	1522
654.137	1510
654.189	1526
654.24	1528
654.292	1550
654.344	1558
654.395	1558
654.447	1514
654.499	1530
654.55	1552
654.602	1522
654.654	1568
654.705	1530
654.757	1550
654.809	1538
654.86	1504
654.912	1566
654.964	1548
655.016	1594
655.067	1570
655.119	1576
655.17	1542
655.222	1530
655.274	1562
655.326	1588
655.377	1586
655.429	1596
655.481	1556
655.532	1588
655.584	1550
655.635	1564
655.687	1632
655.739	1586
655.79	1554
655.842	1612
655.894	1580
655.945	1632
655.997	1582
656.049	1564
656.1	1570
656.152	1598
656.204	1584
656.255	1620
656.307	1624
656.359	1546
656.41	1592
656.462	1608
656.514	1630
656.565	1630
656.617	1612
656.669	1606
656.72	1572
656.772	1610
656.824	1656
656.875	1598
656.927	1618
656.979	1638
657.03	1620
657.082	1594
657.134	1626
657.185	1654
657.237	1652
657.288	1628
657.34	1604
657.392	1578
657.443	1612
657.495	1622
657.547	1614
657.598	1638
657.65	1638
657.702	1606
657.753	1594
657.805	1650
657.857	1634
657.908	1626
657.96	1646
658.011	1612
658.063	1662
658.115	1646
658.166	1646
658.218	1628
658.27	1626
658.321	1616
658.373	1654
658.425	1636
658.476	1638
658.528	1622
658.579	1680
658.631	1638
658.683	1612
658.734	1656
658.786	1656
658.838	1630
658.889	1652
658.941	1646
658.992	1648
659.044	1620
659.096	1598
659.147	1634
659.199	1600
659.251	1640
659.302	1664
659.354	1614
659.406	1650
659.457	1672
659.509	1662
659.56	1620
659.612	1654
659.664	1656
659.715	1660
659.767	1670
659.818	1662
659.87	1622
659.922	1648
659.973	1648
660.025	1686
660.077	1658
660.128	1640
660.18	1656
660.231	1630
660.283	1668
660.335	1664
660.386	1648
660.438	1644
660.49	1624
660.541	1592
660.593	1646
660.644	1656
660.696	1660
660.748	1640
660.799	1614
660.851	1622
660.902	1620
660.954	1708
661.006	1650
661.057	1682
661.109	1642
661.16	1638
661.212	1642
661.264	1646
661.315	1614
661.367	1638
661.418	1654
661.47	1654
661.522	1602
661.573	1600
661.625	1634
661.676	1632
661.728	1674
661.78	1686
661.831	1660
661.883	1678
661.934	1628
661.986	1658
662.038	1650
662.089	1646
662.141	1628
662.192	1646
662.244	1670
662.296	1644
662.347	1646
662.399	1644
662.45	1678
662.502	1642
662.554	1648
662.605	1656
662.657	1690
662.708	1670
662.76	1656
662.811	1702
662.863	1646
662.915	1634
662.966	1660
663.018	1692
663.069	1680
663.121	1652
663.173	1650
663.224	1666
663.276	1716
663.327	1668
663.379	1658
663.43	1656
663.482	1680
663.534	1644
663.585	1664
663.637	1664
663.688	1668
663.74	1668.21
663.792	1642.85
663.843	1660.88
663.895	1688.42
663.946	1664.51
663.998	1662.56
664.049	1662.58
664.101	1684.87
664.153	1706.52
664.204	1652.8
664.256	1652.95
664.307	1699.33
664.359	1712.95
664.41	1722.77
664.462	1677.17
664.513	1657.13
664.565	1654.79
664.617	1705.68
664.668	1648.99
664.72	1663.4
664.771	1711.85
664.823	1698.66
664.874	1693.96
664.926	1691.91
664.978	1680.91
665.029	1678.8
665.081	1698.56
665.132	1686.24
665.184	1663.94
665.235	1703.85
665.287	1666.99
665.339	1676.88
665.39	1678.58
665.442	1672.12
665.493	1698.85
665.545	1695.56
665.596	1681.38
665.648	1682.69
665.699	1683.51
665.751	1670.97
665.802	1669.55
665.854	1652.63
665.906	1682.86
665.957	1673.6
666.009	1707.43
666.06	1680.69
666.112	1655.64
666.163	1676.47
666.215	1689.28
666.266	1688.02
666.318	1685.23
666.37	1667.66
666.421	1692.93
666.473	1648.49
666.524	1663.38
666.576	1643.03
666.627	1685.21
666.679	1658.23
666.73	1660.52
666.782	1696.81
666.833	1683.01
666.885	1693.43
666.937	1651.97
666.988	1650.38
667.04	1675.2
667.091	1662.03
667.143	1671.1
667.194	1680.73
667.246	1673.79
667.297	1668.56
667.349	1669.21
667.4	1668.26
667.452	1658.56
667.503	1644.65
667.555	1662.19
667.607	1670.89
667.658	1651.53
667.71	1665.37
667.761	1678.69
667.813	1660.9
667.864	1651.13
667.916	1689.93
667.967	1682.68
668.019	1682.08
668.07	1667.73
668.122	1645.78
668.173	1637.56
668.225	1671.39
668.276	1696.53
668.328	1692.04
668.379	1670.92
668.431	1637.24
668.482	1628.54
668.534	1670.59
668.586	1689.99
668.637	1662.74
668.689	1695.52
668.74	1679.14
668.792	1650.34
668.843	1640
668.895	1646.12
668.935	1584
668.987	1674
669.038	1652
669.09	1650
669.142	1722
669.194	1714
669.245	1642
669.297	1654
669.349	1636
669.401	1664
669.453	1668
669.504	1654
669.556	1646
669.608	1668
669.66	1634
669.711	1616
669.763	1636
669.815	1650
669.867	1670
669.918	1682
669.97	1638
670.022	1680
670.074	1654
670.125	1672
670.177	1644
670.229	1650
670.281	1650
670.332	1638
670.384	1654
670.436	1696
670.488	1622
670.539	1604
670.591	1622
670.643	1638
670.695	1644
670.747	1622
670.798	1590
670.85	1650
670.902	1596
670.953	1652
671.005	1606
671.057	1630
671.109	1650
671.161	1662
671.212	1650
671.264	1666
671.316	1612
671.367	1614
671.419	1674
671.471	1648
671.523	1622
671.575	1654
671.626	1624
671.678	1666
671.73	1644
671.781	1640
671.833	1650
671.885	1646
671.937	1678
671.988	1620
672.04	1634
672.092	1656
672.144	1628
672.195	1632
672.247	1640
672.299	1636
672.351	1650
672.402	1602
672.454	1630
672.506	1632
672.558	1668
672.609	1632
672.661	1656
672.713	1666
672.765	1640
672.816	1658
672.868	1628
672.92	1628
672.971	1624
673.023	1632
673.075	954
673.127	1600
673.178	1686
673.23	1696
673.282	1650
673.334	1666
673.385	1624
673.437	1654
673.489	1658
673.54	1636
673.592	1602
673.644	1704
673.696	1688
673.747	1646
673.799	1648
673.851	1632
673.903	1686
673.954	1658
674.006	1646
674.058	1642
674.109	1620
674.161	1672
674.213	1682
674.265	1674
674.316	1692
674.368	1654
674.42	1674
674.471	1614
674.523	1668
674.575	1664
674.627	1664
674.678	1646
674.73	1644
674.782	1658
674.833	1668
674.885	1704
674.937	1656
674.989	1686
675.04	1684
675.092	1696
675.144	1644
675.195	1664
675.247	1654
675.299	1696
675.351	1670
675.402	1694
675.454	1638
675.506	1640
675.557	1632
675.609	1648
675.661	1678
675.713	1686
675.764	1680
675.816	1676
675.868	1678
675.919	1722
675.971	1648
676.023	1682
676.074	1646
676.126	1640
676.178	1658
676.23	1696
676.281	1686
676.333	1678
676.385	1674
676.436	1656
676.488	1698
676.54	1708
676.591	1694
676.643	1696
676.695	1692
676.747	1672
676.798	1670
676.85	1672
676.902	1672
676.953	1694
677.005	1670
677.057	1688
677.108	1708
677.16	1686
677.212	1674
677.263	1666
677.315	1658
677.367	1662
677.419	1688
677.47	1680
677.522	1702
677.574	1692
677.625	1644
677.677	1658
677.729	1704
677.78	1658
677.832	1650
677.884	1648
677.935	1672
677.987	1652
678.039	1644
678.091	1660
678.142	1664
678.194	1672
678.246	1680
678.297	1646
678.349	1634
678.401	1646
678.452	1686
678.504	1660
678.556	1680
678.607	1670
678.659	1680
678.711	1686
678.762	1670
678.814	1654
678.866	1658
678.917	1638
678.969	1652
679.021	1706
679.072	1658
679.124	1660
679.176	1654
679.227	1644
679.279	1670
679.331	1636
679.382	1630
679.434	1682
679.486	1680
679.537	1624
679.589	1632
679.641	1646
679.692	1658
679.744	1630
679.796	1634
679.847	1672
679.899	1656
679.951	1626
680.003	1666
680.054	1662
680.106	1674
680.157	1636
680.209	1656
680.261	1684
680.312	1652
680.364	1634
680.416	1644
680.467	1672
680.519	1656
680.571	1634
680.622	1698
680.674	1700
680.726	1698
680.777	1714
680.829	1644
680.881	1644
680.932	1684
680.984	1650
681.036	1630
681.087	1694
681.139	1680
681.191	1704
681.242	1670
681.294	1670
681.346	1634
681.397	1648
681.449	1678
681.501	1654
681.552	1628
681.604	1632
681.656	1644
681.707	1674
681.759	1702
681.81	1672
681.862	1698
681.914	1684
681.965	1636
682.017	1680
682.069	1668
682.12	1712
682.172	1682
682.224	1650
682.275	1682
682.327	1724
682.379	1668
682.43	1670
682.482	1636
682.533	1662
682.585	1678
682.637	1640
682.688	1690
682.74	1672
682.792	1690
682.843	1686
682.895	1708
682.947	1700
682.998	1672
683.05	1750
683.102	1612
683.153	1704
683.205	1666
683.256	1640
683.308	1698
683.36	1676
683.411	1634
683.463	1728
683.515	1652
683.566	1702
683.618	1670
683.669	1660
683.721	1654
683.773	1688
683.824	1686
683.876	1704
683.928	1664
683.979	1642
684.031	1678
684.082	1670
684.134	1660
684.186	1630
684.237	1694
684.289	1608
684.341	1674
684.392	1668
684.444	1670
684.495	1682
684.547	1656
684.599	1704
684.65	1662
684.702	1674
684.754	1688
684.805	1700
684.857	1638
684.908	1646
684.96	1636
685.012	1656
685.063	1676
685.115	1648
685.166	1634
685.218	1678
685.27	1674
685.321	1632
685.373	1654
685.424	1654
685.476	1598
685.528	1690
685.579	1646
685.631	1632
685.683	1650
685.734	1618
685.786	1640
685.837	1674
685.889	1662
685.941	1632
685.992	1574
686.044	1656
686.095	1628
686.147	1610
686.199	1624
686.25	1618
686.302	1608
686.353	1636
686.405	1636
686.457	1666
686.508	1592
686.56	1664
686.611	1648
686.663	1630
686.715	1656
686.766	1606
686.818	1660
686.869	1642
686.921	1652
686.973	1624
687.024	1598
687.076	1632
687.127	1624
687.179	1638
687.231	1606
687.282	1624
687.334	1624
687.385	1610
687.437	1614
687.489	1640
687.54	1638
687.592	1640
687.643	1652
687.695	1596
687.747	1616
687.798	1638
687.85	1638
687.901	1660
687.953	1628
688.004	1626
688.056	1606
688.108	1618
688.159	1640
688.211	1584
688.262	1654
688.314	1632
688.366	1662
688.417	1612
688.469	1644
688.52	1618
688.572	1644
688.623	1638
688.675	1622
688.727	1628
688.778	1640
688.83	1612
688.881	1610
688.933	1616
688.984	1590
689.036	1610
689.088	1654
689.139	1616
689.191	1604
689.242	1638
689.294	1632
689.346	1614
689.397	1618
689.449	1596
689.5	1644
689.552	1582
689.603	1624
689.655	1622
689.706	1620
689.758	1620
689.81	1608
689.861	1648
689.913	1602
689.964	1640
690.016	1608
690.067	1602
690.119	1644
690.171	1596
690.222	1630
690.274	1608
690.325	1596
690.377	1592
690.428	1608
690.48	1612
690.531	1640
690.583	1616
690.635	1588
690.686	1578
690.738	1592
690.789	1618
690.841	1596
690.892	1602
690.944	1616
690.996	1604
691.047	1600
691.099	1596
691.15	1590
691.202	1566
691.253	1586
691.305	1636
691.356	1624
691.408	1582
691.459	1616
691.511	1596
691.563	1588
691.614	1550
691.666	1578
691.717	1608
691.769	1578
691.82	1582
691.872	1528
691.923	1608
691.975	1592
692.026	1546
692.078	1540
692.13	1560
692.181	1600
692.233	1582
692.284	1522
692.336	1584
692.387	1566
692.439	1552
692.49	1538
692.542	1574
692.593	1550
692.645	1576
692.697	1504
692.748	1554
692.8	1554
692.851	1540
692.903	1584
692.954	1578
693.006	1540
693.057	1546
693.109	1564
693.16	1548
693.212	1530
693.263	1552
693.315	1522
693.366	1544
693.418	1540
693.47	1552
693.521	1570
693.573	1552
693.624	1490
693.676	1528
693.727	1584
693.779	1552
693.83	1554
693.882	1596
693.933	1522
693.985	1556
694.036	1516
694.088	1524
694.139	1542
694.191	1512
694.242	1504
694.294	1576
694.345	1516
694.397	1556
694.448	1576
694.5	1568
694.552	1532
694.603	1496
694.655	1546
694.706	1560
694.758	1534
694.809	1520
694.861	1532
694.912	1536
694.964	1560
695.015	1536
695.067	1536
695.118	1536
695.17	1544
695.221	1508
695.273	1520
695.324	1522
695.376	1528
695.427	1482
695.479	1484
695.53	1516
695.582	1544
695.633	1554
695.685	1572
695.736	1520
695.788	1504
695.839	1528
695.891	1512
695.942	1518
695.994	1496
696.045	1514
696.097	1520
696.148	1532
696.2	1514
696.251	1546
696.303	1528
696.354	1530
696.406	1474
696.457	1518
696.509	1496
696.56	1518
696.612	1516
696.663	1486
696.715	1490
696.766	1498
696.818	1504
696.869	1510
696.921	1480
696.972	1502
697.024	1508
697.075	1498
697.127	1474
697.178	1482
697.23	1512
697.281	1512
697.333	1532
697.384	1486
697.436	1488
697.487	1500
697.539	1500
697.59	1502
697.642	1490
697.693	1494
697.745	1498
697.796	1484
697.847	1480
697.899	1470
697.95	1458
698.002	1484
698.053	1476
698.105	1500
698.156	1430
698.208	1434
698.259	1476
698.311	1468
698.362	1498
698.414	1480
698.465	1476
698.517	1458
698.568	1490
698.62	1486
698.671	1464
698.723	1442
698.774	1446
698.826	1488
698.877	1452
698.928	1486
698.98	1458
699.031	1466
699.083	1438
699.134	1476
699.186	1434
699.237	1458
699.289	1458
699.34	1446
699.392	1454
699.443	1454
699.495	1430
699.546	1478
699.598	1448
699.649	1448
699.7	1456
699.752	1468
699.803	1406
699.855	1470
699.906	1414
699.958	1422
700.009	1448
700.061	1434
700.112	1428
700.164	1450
700.215	1472
700.266	1446
700.318	1422
700.369	1466
700.421	1450
700.472	1460
700.524	1440
700.575	1480
700.627	1440
700.678	1462
700.73	1444
700.781	1442
700.832	1410
700.884	1462
700.935	1438
700.987	1416
701.038	1456
701.09	1462
701.141	1508
701.193	1444
701.244	1424
701.295	1428
701.347	1454
701.398	1446
701.45	1422
701.501	1452
701.553	1426
701.604	1434
701.656	1442
701.707	1432
701.758	1422
701.81	1462
701.861	1458
701.913	1404
701.964	1468
702.016	1424
702.067	1452
702.119	1466
702.17	1400
702.221	1442
702.273	1450
702.324	1476
702.376	1420
702.427	1438
702.479	1422
702.53	1436
702.581	1460
702.633	1466
702.684	1454
702.736	1462
702.787	1442
702.839	1420
702.89	1446
702.941	1436
702.993	1430
703.044	1442
703.096	1484
703.147	1452
703.199	1464
703.25	1430
703.301	1448
703.353	1442
703.404	1464
703.456	1444
703.507	1424
703.558	1434
703.61	1440
703.661	1436
703.713	1434
703.764	1446
703.816	1470
703.867	1440
703.918	1488
703.97	1468
704.021	1436
704.073	1440
704.124	1432
704.175	1418
704.227	1430
704.278	1436
704.33	1462
704.381	1402
704.432	1422
704.484	1428
704.535	1452
704.587	1396
704.638	1398
704.69	1422
704.741	1438
704.792	1386
704.844	1430
704.895	1414
704.947	1406
704.998	1408
705.049	1438
705.101	1454
705.152	1448
705.204	1416
705.255	1384
705.306	1428
705.358	1452
705.409	1402
705.461	1396
705.512	1450
705.563	1378
705.615	1360
705.666	1418
705.718	1402
705.769	1390
705.82	1406
705.872	1404
705.923	1432
705.974	1386
706.026	1414
706.077	1392
706.129	1420
706.18	1418
706.231	1402
706.283	1414
706.334	1434
706.386	1398
706.437	1426
706.488	1402
706.54	1384
706.591	1450
706.643	1408
706.694	1394
706.745	1392
706.797	1420
706.848	1410
706.899	1376
706.951	1356
707.002	1366
707.054	1416
707.105	1352
707.156	1418
707.208	1364
707.259	1368
707.31	1416
707.362	1396
707.413	1394
707.465	1364
707.516	1382
707.567	1382
707.619	1382
707.67	1396
707.721	1364
707.773	1390
707.824	1366
707.876	1416
707.927	1384
707.978	1388
708.03	1390
708.081	1358
708.132	1382
708.184	1400
708.235	1410
708.287	1384
708.338	1364
708.389	1364
708.441	1390
708.492	1352
708.543	1346
708.595	1368
708.646	1374
708.697	1328
708.749	1340
708.8	1372
708.852	1392
708.903	1394
708.954	1410
709.006	1356
709.057	1374
709.108	1380
709.16	1372
709.211	1382
709.262	1428
709.314	1390
709.365	1416
709.416	1390
709.468	1380
709.519	1362
709.57	1338
709.622	1394
709.673	1380
709.725	1360
709.776	1364
709.827	1358
709.879	1392
709.93	1392
709.981	1402
710.033	1406
710.084	1374
710.135	1364
710.187	1378
710.238	1374
710.289	1372
710.341	1372
710.392	1372
710.443	1396
710.495	1382
710.546	1402
710.597	1400
710.649	1356
710.7	1400
710.751	1380
710.803	1350
710.854	1380
710.905	1378
710.957	1386
711.008	1394
711.059	1382
711.111	1340
711.162	1352
711.213	1396
711.265	1374.32
711.316	1407.98
711.367	1386.43
711.419	1365.46
711.47	1378.4
711.521	1371.01
711.573	1366.22
711.624	1366.35
711.675	1391.95
711.727	1410.04
711.778	1366.5
711.829	1392.59
711.881	1386.17
711.932	1400.83
711.983	1363.35
712.035	1389.16
712.086	1389.44
712.137	1355.73
712.189	1377.37
712.24	1393.22
712.291	1398.03
712.343	1393.8
712.394	1373.32
712.445	1400.95
712.496	1353.01
712.548	1388.86
712.599	1368.1
712.65	1377.81
712.702	1367.35
712.753	1380.98
712.804	1382.02
712.856	1364.23
712.907	1364.69
712.958	1344.12
713.01	1349.25
713.061	1373.05
713.112	1356.65
713.164	1377.5
713.215	1348.65
713.266	1378.44
713.317	1347.75
713.369	1337.7
713.42	1357.45
713.471	1355.91
713.523	1363.96
713.574	1349.19
713.625	1362.86
713.677	1344.6
713.728	1369.46
713.779	1376.05
713.831	1370.54
713.882	1354.11
713.933	1341.76
713.984	1355.02
714.036	1349.35
714.087	1375.03
714.138	1365.98
714.19	1349.32
714.241	1367.99
714.292	1343.51
714.343	1350.22
714.395	1367.86
714.446	1357.29
714.497	1346.49
714.549	1367.89
714.6	1371.3
714.651	1360.25
714.703	1364.38
714.754	1365.33
714.805	1360.63
714.856	1340.7
714.908	1358.75
714.959	1369.96
715.01	1352.21
715.062	1350.01
715.113	1357.79
715.164	1349.16
715.215	1339.29
715.267	1363.87
715.318	1352.64
715.369	1332.63
715.421	1331.54
715.472	1346.69
715.523	1373.45
715.574	1370.27
715.626	1350.95
715.677	1362.01
715.728	1383.39
715.779	1376.03
715.831	1348.18
715.882	1335.05
715.933	1351.47
715.985	1381.27
716.036	1350.5
716.087	1365.41
716.138	1371.93
716.19	1370
716.241	1382.85
716.292	1363.71
716.343	1390.08
716.395	1395.76
716.433	1360
716.485	1378
716.536	1378
716.588	1370
716.639	1354
716.691	1402
716.742	1396
716.794	1364
716.845	1400
716.897	1366
716.948	1378
717	1364
717.052	1340
717.103	1384
717.155	1368
717.206	1424
717.258	1430
717.309	1326
717.361	1386
717.412	1376
717.464	1362
717.515	1390
717.567	1380
717.618	1408
717.67	1410
717.721	1382
717.773	1382
717.824	1386
717.876	1386
717.927	1432
717.979	1394
718.03	1424
718.082	1424
718.133	1390
718.185	1392
718.237	1406
718.288	1366
718.34	1418
718.391	1368
718.443	1408
718.494	1416
718.546	1426
718.597	1426
718.649	1424
718.7	1408
718.752	1418
718.803	1438
718.855	1384
718.906	1450
718.958	1390
719.009	1394
719.061	1430
719.112	1424
719.164	1408
719.215	1414
719.267	1416
719.318	1434
719.37	1474
719.421	1430
719.473	1428
719.524	1452
719.576	1442
719.627	1452
719.679	1450
719.73	1470
719.782	1432
719.833	1428
719.885	1456
719.936	1448
719.988	1418
720.039	1438
720.091	1466
720.142	1466
720.194	1442
720.245	1450
720.297	1450
720.348	1464
720.4	1412
720.451	1442
720.503	1450
720.554	1486
720.606	1484
720.657	1494
720.709	1472
720.76	1484
720.812	1452
720.863	1484
720.915	1484
720.966	1492
721.018	1492
721.069	1484
721.121	1520
721.172	1488
721.224	1474
721.275	1504
721.327	1450
721.378	1478
721.43	1510
721.481	1472
721.532	1462
721.584	1502
721.635	1482
721.687	1500
721.738	1514
721.79	1472
721.841	1526
721.893	1502
721.944	1508
721.996	1506
722.047	1508
722.099	1558
722.15	1500
722.202	1494
722.253	1536
722.305	1526
722.356	1508
722.408	1604
722.459	1544
722.511	1576
722.562	1522
722.614	1554
722.665	1536
722.716	1534
722.768	1550
722.819	1622
722.871	1568
722.922	1576
722.974	1596
723.025	1542
723.077	1562
723.128	1562
723.18	1592
723.231	1608
723.283	1586
723.334	1604
723.386	1618
723.437	1594
723.488	1618
723.54	1628
723.591	1626
723.643	1612
723.694	1630
723.746	1648
723.797	1566
723.849	1642
723.9	1614
723.952	1688
724.003	1626
724.055	1702
724.106	1674
724.157	1620
724.209	1640
724.26	1688
724.312	1630
724.363	1656
724.415	1710
724.466	1730
724.518	1698
724.569	1674
724.621	1644
724.672	1694
724.723	1732
724.775	1650
724.826	1724
724.878	1702
724.929	1722
724.981	1734
725.032	1738
725.084	1748
725.135	1712
725.187	1724
725.238	1746
725.289	1786
725.341	1810
725.392	1778
725.444	1812
725.495	1784
725.547	1792
725.598	1792
725.65	1806
725.701	1792
725.752	1806
725.804	1806
725.855	1842
725.907	1828
725.958	1822
726.01	1782
726.061	1820
726.112	1824
726.164	1904
726.215	1882
726.267	1840
726.318	1890
726.37	1862
726.421	1870
726.473	1876
726.524	1866
726.575	1910
726.627	1938
726.678	1920
726.73	1906
726.781	1916
726.833	1922
726.884	1942
726.935	1934
726.987	1924
727.038	1976
727.09	1926
727.141	1970
727.193	1960
727.244	1954
727.295	1930
727.347	1936
727.398	2000
727.45	1948
727.501	1950
727.552	2006
727.604	2000
727.655	2008
727.707	2006
727.758	2064
727.81	2000
727.861	2024
727.912	2028
727.964	2002
728.015	2058
728.067	2032
728.118	2044
728.17	2058
728.221	2060
728.272	2058
728.324	2078
728.375	1998
728.427	2082
728.478	2074
728.529	2150
728.581	2104
728.632	2120
728.684	2098
728.735	2116
728.786	2102
728.838	2098
728.889	2146
728.941	2148
728.992	2154
729.044	2146
729.095	2160
729.146	2104
729.198	2126
729.249	2140
729.301	2172
729.352	2176
729.403	2166
729.455	2200
729.506	2164
729.558	2190
729.609	2184
729.66	2148
729.712	2238
729.763	2214
729.815	2222
729.866	2204
729.917	2196
729.969	2216
730.02	2234
730.072	2252
730.123	2296
730.174	2274
730.226	2246
730.277	2272
730.329	2302
730.38	2254
730.431	2320
730.483	2368
730.534	2366
730.586	2354
730.637	2378
730.688	2326
730.74	2322
730.791	2394
730.842	2408
730.894	2370
730.945	2398
730.997	2364
731.048	2412
731.099	2384
731.151	2452
731.202	2428
731.254	2448
731.305	2382
731.356	2492
731.408	2456
731.459	2502
731.51	2498
731.562	2552
731.613	2550
731.665	2528
731.716	2542
731.767	2588
731.819	2578
731.87	2656
731.922	2632
731.973	2604
732.024	2622
732.076	2712
732.127	2682
732.178	2728
732.23	2722
732.281	2730
732.333	2700
732.384	2770
732.435	2716
732.487	2782
732.538	2772
732.589	2770
732.641	2844
732.692	2836
732.744	2928
732.795	2884
732.846	2936
732.898	2946
732.949	3034
733	2932
733.052	3010
733.103	3052
733.154	3100
733.206	3160
733.257	3112
733.309	3208
733.36	3178
733.411	3212
733.463	3262
733.514	3218
733.565	3354
733.617	3344
733.668	3386
733.719	3390
733.771	3452
733.822	3450
733.873	3504
733.925	3514
733.976	3504
734.028	3652
734.079	3676
734.13	3720
734.182	3718
734.233	3728
734.284	3816
734.336	3886
734.387	3820
734.438	3900
734.49	3966
734.541	3992
734.592	4076
734.644	4146
734.695	4192
734.747	4228
734.798	4274
734.849	4350
734.901	4408
734.952	4484
735.003	4468
735.055	4610
735.106	4676
735.157	4710
735.209	4726
735.26	4846
735.311	4838
735.363	4990
735.414	5020
735.465	5102
735.517	5124
735.568	5238
735.619	5292
735.671	5378
735.722	5474
735.773	5548
735.825	5628
735.876	5728
735.927	5732
735.979	5868
736.03	6004
736.081	6138
736.133	6154
736.184	6214
736.235	6398
736.287	6484
736.338	6512
736.389	6636
736.441	6742
736.492	6874
736.543	6948
736.595	7126
736.646	7240
736.697	7274
736.749	7360
736.8	7500
736.851	7664
736.903	7798
736.954	7848
737.005	7840
737.057	7964
737.108	8174
737.159	8302
737.211	8402
737.262	8616
737.313	8668
737.365	8746
737.416	8756
737.467	8844
737.518	9018
737.57	9082
737.621	9158
737.672	9300
737.724	9350
737.775	9362
737.826	9532
737.878	9630
737.929	9812
737.98	9752
738.032	9748
738.083	9920
738.134	9866
738.186	9906
738.237	9928
738.288	10044
738.339	10038
738.391	9970
738.442	10078
738.493	10134
738.545	10150
738.596	10246
738.647	10198
738.699	10086
738.75	10156
738.801	10084
738.853	9998
738.904	9990
738.955	9944
739.006	9886
739.058	9940
739.109	9914
739.16	9850
739.212	9756
739.263	9586
739.314	9574
739.366	9520
739.417	9528
739.468	9310
739.519	9226
739.571	9230
739.622	9054
739.673	9092
739.725	8974
739.776	8890
739.827	8774
739.878	8696
739.93	8544
739.981	8448
740.032	8432
740.084	8320
740.135	8248
740.186	8016
740.237	8096
740.289	7962
740.34	7852
740.391	7674
740.443	7594
740.494	7538
740.545	7494
740.596	7256
740.648	7212
740.699	7200
740.75	7068
740.802	6956
740.853	6842
740.904	6764
740.956	6626
741.007	6690
741.058	6598
741.109	6456
741.161	6386
741.212	6246
741.263	6184
741.314	6102
741.366	6066
741.417	5898
741.468	5852
741.52	5884
741.571	5810
741.622	5706
741.673	5536
741.725	5536
741.776	5434
741.827	5382
741.878	5306
741.93	5250
741.981	5242
742.032	5178
742.083	5128
742.135	5062
742.186	4998
742.237	4872
742.289	4830
742.34	4740
742.391	4722
742.442	4724
742.494	4644
742.545	4604
742.596	4584
742.647	4496
742.699	4442
742.75	4410
742.801	4328
742.852	4292
742.904	4284
742.955	4242
743.006	4134
743.057	4084
743.109	4154
743.16	4006
743.211	3990
743.263	3942
743.314	3868
743.365	3900
743.416	3784
743.468	3780
743.519	3770
743.57	3670
743.621	3684
743.672	3674
743.724	3602
743.775	3616
743.826	3596
743.878	3590
743.929	3510
743.98	3514
744.031	3378
744.083	3426
744.134	3386
744.185	3354
744.236	3342
744.287	3356
744.339	3274
744.39	3224
744.441	3228
744.492	3200
744.544	3190
744.595	3144
744.646	3134
744.697	3212
744.749	3078
744.8	3110
744.851	3058
744.902	3062
744.954	3030
745.005	3000
745.056	3006
745.107	3006
745.159	2920
745.21	2898
745.261	2908
745.312	2882
745.363	2892
745.415	2910
745.466	2804
745.517	2776
745.568	2890
745.62	2754
745.671	2782
745.722	2802
745.773	2724
745.824	2728
745.876	2704
745.927	2696
745.978	2710
746.029	2690
746.081	2620
746.132	2662
746.183	2660
746.234	2676
746.285	2616
746.337	2584
746.388	2576
746.439	2560
746.49	2580
746.542	2542
746.593	2536
746.644	2522
746.695	2496
746.746	2472
746.798	2498
746.849	2466
746.9	2502
746.951	2432
747.003	2498
747.054	2446
747.105	2456
747.156	2424
747.207	2396
747.259	2386
747.31	2396
747.361	2364
747.412	2360
747.463	2342
747.515	2344
747.566	2320
747.617	2334
747.668	2356
747.719	2336
747.771	2344
747.822	2318
747.873	2300
747.924	2310
747.975	2306
748.027	2312
748.078	2328
748.129	2306
748.18	2316
748.231	2282
748.283	2254
748.334	2180
748.385	2210
748.436	2268
748.487	2244
748.539	2206
748.59	2194
748.641	2210
748.692	2222
748.743	2178
748.795	2174
748.846	2238
748.897	2148
748.948	2128
748.999	2190
749.05	2166
749.102	2146
749.153	2170
749.204	2172
749.255	2164
749.306	2154
749.358	2126
749.409	2158
749.46	2154
749.511	2114
749.562	2084
749.614	2068
749.665	2048
749.716	2084
749.767	2082
749.818	2066
749.869	2082
749.921	2136
749.972	2134
750.023	2106
750.074	2114
750.125	2048
750.177	2040
750.228	2044
750.279	2032
750.33	2086
750.381	2034
750.432	2068
750.484	2038
750.535	2048
750.586	2074
750.637	2048
750.688	1994
750.739	2002
750.791	1996
750.842	2000
750.893	2004
750.944	2034
750.995	1962
751.046	2016
751.098	2028
751.149	1950
751.2	1966
751.251	1984
751.302	1918
751.353	2036
751.404	2026
751.456	1962
751.507	1958
751.558	1986
751.609	1954
751.66	1996
751.711	1896
751.763	1964
751.814	1944
751.865	1962
751.916	1972
751.967	1922
752.018	1926
752.07	1980
752.121	1932
752.172	1926
752.223	1946
752.274	1930
752.325	1884
752.376	1910
752.428	1888
752.479	1882
752.53	1934
752.581	1896
752.632	1934
752.683	1874
752.734	1912
752.786	1904
752.837	1888
752.888	1902
752.939	1880
752.99	1884
753.041	1858
753.092	1860
753.144	1896
753.195	1860
753.246	1828
753.297	1852
753.348	1874
753.399	1856
753.45	1864
753.502	1882
753.553	1838
753.604	1894
753.655	1842
753.706	1830
753.757	1830
753.808	1804
753.859	1876
753.911	1838
753.962	1830
754.013	1850
754.064	1854
754.115	1856
754.166	1834
754.217	1890
754.269	1828
754.32	1806
754.371	1780
754.422	1848
754.473	1816
754.524	1810
754.575	1792
754.626	1828
754.678	1774
754.729	1830
754.78	1790
754.831	1800
754.882	1812
754.933	1818
754.984	1800
755.035	1772
755.086	1812
755.138	1806
755.189	1820
755.24	1800
755.291	1782
755.342	1784
755.393	1742
755.444	1748
755.495	1724
755.547	1786
755.598	1742
755.649	1760
755.7	1756
755.751	1764
755.802	1676
755.853	1750
755.904	1742
755.955	1778
756.006	1774
756.058	1786
756.109	1732
756.16	1770
756.211	1774
756.262	1768
756.313	1714
756.364	1782
756.415	1730
756.466	1736
756.518	1758
756.569	1726
756.62	1738
756.671	1754
756.722	1708
756.773	1768
756.824	1730
756.875	1702
756.926	1728
756.977	1760
757.029	1720
757.08	1714
757.131	1750
757.182	1716
757.233	1686
757.284	1690
757.335	1700
757.386	1736
757.437	1758
757.488	1734
757.539	1698
757.59	1672
757.642	1666
757.693	1700
757.744	1742
757.795	1718
757.846	1674
757.897	1688
757.948	1712
757.999	1688
758.05	1632
758.101	1676
758.152	1662
758.203	1668
758.255	1678
758.306	1682
758.357	1680
758.408	1722
758.459	1672
758.51	1743.62
758.561	1666.26
758.612	1694.76
758.663	1694.63
758.714	1698.44
758.765	1636.35
758.816	1663.69
758.867	1686.64
758.919	1671.33
758.97	1636.87
759.021	1674.12
759.072	1652.43
759.123	1642.74
759.174	1694.44
759.225	1640.13
759.276	1648.53
759.327	1657.61
759.378	1644.75
759.429	1627.56
759.48	1663.35
759.531	1629.74
759.582	1641.3
759.633	1615.88
759.685	1602.29
759.736	1646.12
759.787	1639.95
759.838	1645.49
759.889	1643.14
759.94	1597.17
759.991	1615.74
760.042	1614.97
760.093	1615.61
760.144	1632.44
760.195	1579.28
760.246	1571.24
760.297	1581.39
760.348	1557.64
760.399	1595.35
760.45	1582.78
760.501	1600.14
760.552	1585.89
760.603	1574.11
760.655	1595
760.706	1572.94
760.757	1554.5
760.808	1577.62
760.859	1554.33
760.91	1568.82
760.961	1581.34
761.012	1557.65
761.063	1552.6
761.114	1580.04
761.165	1588.56
761.216	1565.12
761.267	1585.32
761.318	1576.92
761.369	1547.13
761.42	1575.51
761.471	1573.42
761.522	1565.5
761.573	1540.24
761.624	1561.18
761.675	1537
761.726	1550.01
761.777	1546.57
761.828	1555.58
761.88	1555.97
761.931	1546.55
761.982	1572.96
762.033	1532.89
762.084	1568.6
762.135	1563.78
762.186	1517.88
762.237	1543.14
762.288	1547.86
762.339	1516.11
762.39	1559.13
762.441	1533.46
762.492	1542.03
762.543	1519.89
762.594	1519.92
762.645	1569.38
762.696	1538.8
762.747	1543.62
762.798	1517.48
762.849	1537.58
762.9	1550.04
762.951	1516.76
763.002	1521.92
763.053	1500.19
763.104	1502.97
763.155	1523.02
763.206	1487.81
763.257	1510.13
763.308	1501.42
763.359	1521.95
763.41	1520.54
763.461	1500.48
763.512	1511.67
763.563	1503.59
763.614	1498.5
763.665	1481.56
763.678	1476
763.729	1524
763.78	1494
763.832	1482
763.883	1492
763.934	1494
763.986	1492
764.037	1498
764.088	1498
764.139	1544
764.191	1510
764.242	1502
764.293	1526
764.345	1468
764.396	1476
764.447	1464
764.498	1490
764.55	1496
764.601	1498
764.652	1488
764.704	1512
764.755	1500
764.806	1448
764.857	1474
764.909	1474
764.96	1484
765.011	1480
765.062	1500
765.114	1486
765.165	1462
765.216	1466
765.268	1472
765.319	1488
765.37	1440
765.421	1452
765.473	1480
765.524	1500
765.575	1500
765.626	1474
765.678	1472
765.729	1462
765.78	1510
765.831	1436
765.883	1420
765.934	1476
765.985	1490
766.036	1454
766.088	1456
766.139	1460
766.19	1440
766.242	1456
766.293	1424
766.344	1466
766.395	1432
766.447	1438
766.498	1430
766.549	1474
766.6	1458
766.652	1422
766.703	1410
766.754	1478
766.805	1424
766.857	1416
766.908	1394
766.959	1428
767.01	1452
767.062	1456
767.113	1414
767.164	1392
767.215	1380
767.267	1476
767.318	1438
767.369	1428
767.42	1420
767.472	1414
767.523	1404
767.574	1406
767.625	1362
767.677	1390
767.728	1406
767.779	1400
767.83	1422
767.882	1394
767.933	1370
767.984	1358
768.035	1390
768.087	1402
768.138	1362
768.189	1328
768.24	1376
768.292	1346
768.343	1344
768.394	1346
768.445	1352
768.497	1364
768.548	1330
768.599	1340
768.65	1364
768.701	1320
768.753	1328
768.804	1348
768.855	1344
768.906	1296
768.958	1310
769.009	1278
769.06	1330
769.111	1322
769.163	1326
769.214	1308
769.265	1254
769.316	1268
769.367	1278
769.419	1256
769.47	1270
769.521	1298
769.572	1286
769.624	1304
769.675	1310
769.726	1306
769.777	1262
769.828	1226
769.88	1256
769.931	1266
769.982	1254
770.033	1238
770.085	1266
770.136	1226
770.187	1226
770.238	1236
770.289	1224
770.341	1228
770.392	1200
770.443	1218
770.494	1240
770.546	1184
770.597	1180
770.648	1196
770.699	1242
770.75	1178
770.802	1198
770.853	1176
770.904	1180
770.955	1172
771.006	1134
771.058	1176
771.109	1170
771.16	1168
771.211	1106
771.263	1102
771.314	1160
771.365	1158
771.416	1162
771.467	1166
771.519	1146
771.57	1152
771.621	1160
771.672	1148
771.723	1138
771.775	1136
771.826	1114
771.877	1130
771.928	1144
771.979	1072
772.031	1122
772.082	1076
772.133	1122
772.184	1132
772.235	1084
772.287	1116
772.338	1092
772.389	1120
772.44	1094
772.491	1102
772.543	1100
772.594	1068
772.645	1070
772.696	1074
772.747	1078
772.799	1062
772.85	1072
772.901	1040
772.952	1060
773.003	1074
773.055	1082
773.106	1082
773.157	1042
773.208	1088
773.259	1054
773.31	1062
773.362	1036
773.413	1074
773.464	1030
773.515	1050
773.566	1024
773.618	1048
773.669	1014
773.72	1008
773.771	1030
773.822	1004
773.873	1000
773.925	1044
773.976	998
774.027	1060
774.078	1010
774.129	1020
774.18	998
774.232	1040
774.283	1026
774.334	1006
774.385	996
774.436	986
774.488	1002
774.539	976
774.59	976
774.641	980
774.692	1002
774.743	984
774.795	1000
774.846	986
774.897	972
774.948	976
774.999	950
775.05	938
775.102	964
775.153	966
775.204	930
775.255	972
775.306	966
775.357	964
775.409	926
775.46	958
775.511	956
775.562	882
775.613	938
775.664	954
775.716	954
775.767	914
775.818	918
775.869	904
775.92	940
775.971	948
776.023	908
776.074	910
776.125	934
776.176	882
776.227	898
776.278	894
776.329	920
776.381	922
776.432	902
776.483	914
776.534	906
776.585	918
776.636	896
776.688	882
776.739	890
776.79	884
776.841	884
776.892	878
776.943	884
776.994	852
777.046	876
777.097	884
777.148	886
777.199	880
777.25	852
777.301	842
777.352	872
777.404	882
777.455	870
777.506	856
777.557	890
777.608	882
777.659	860
777.71	862
777.762	846
777.813	848
777.864	874
777.915	836
777.966	860
778.017	884
778.068	854
778.12	854
778.171	834
778.222	844
778.273	862
778.324	814
778.375	868
778.426	840
778.477	852
778.529	828
778.58	808
778.631	834
778.682	836
778.733	826
778.784	858
778.835	828
778.886	834
778.938	814
778.989	802
779.04	814
779.091	830
779.142	812
779.193	814
779.244	834
779.295	780
779.347	798
779.398	792
779.449	776
779.5	798
779.551	758
779.602	780
779.653	776
779.704	816
779.755	802
779.807	824
779.858	788
779.909	808
779.96	796
780.011	762
780.062	788
780.113	790
780.164	772
780.216	832
780.267	780
780.318	778
780.369	774
780.42	774
780.471	778
780.522	756
780.573	764
780.624	764
780.675	770
780.727	774
780.778	766
780.829	734
780.88	772
780.931	764
780.982	774
781.033	754
781.084	762
781.135	758
781.187	752
781.238	752
781.289	754
781.34	760
781.391	744
781.442	742
781.493	718
781.544	748
781.595	730
781.646	748
781.698	752
781.749	720
781.8	732
781.851	712
781.902	728
781.953	712
782.004	744
782.055	720
782.106	710
782.157	724
782.208	726
782.26	742
782.311	730
782.362	730
782.413	724
782.464	702
782.515	724
782.566	712
782.617	694
782.668	710
782.719	738
782.77	724
782.821	682
782.872	732
782.924	680
782.975	688
783.026	676
783.077	710
783.128	674
783.179	716
783.23	718
783.281	670
783.332	660
783.383	676
783.434	690
783.485	670
783.536	676
783.588	658
783.639	690
783.69	688
783.741	688
783.792	686
783.843	672
783.894	670
783.945	680
783.996	668
784.047	684
784.098	650
784.149	676
784.2	664
784.252	684
784.303	684
784.354	690
784.405	690
784.456	686
784.507	656
784.558	636
784.609	652
784.66	668
784.711	636
784.762	642
784.813	654
784.864	674
784.915	654
784.966	654
785.017	666
785.068	664
785.12	660
785.171	646
785.222	636
785.273	624
785.324	644
785.375	656
785.426	632
785.477	648
785.528	646
785.579	634
785.63	652
785.681	642
785.732	652
785.783	646
785.834	652
785.885	644
785.936	656
785.987	650
786.038	646
786.089	614
786.141	624
786.192	654
786.243	632
786.294	634
786.345	614
786.396	598
786.447	634
786.498	610
786.549	638
786.6	646
786.651	614
786.702	650
786.753	604
786.804	600
786.855	622
786.906	620
786.957	600
787.008	614
787.059	590
787.11	598
787.161	612
787.212	616
787.263	624
787.314	596
787.365	600
787.416	598
787.467	576
787.518	570
787.57	606
787.621	586
787.672	620
787.723	584
787.774	598
787.825	598
787.876	594
787.927	598
787.978	604
788.029	574
788.08	618
788.131	592
788.182	574
788.233	578
788.284	582
788.335	594
788.386	590
788.437	588
788.488	558
788.539	580
788.59	590
788.641	568
788.692	570
788.743	584
788.794	556
788.845	572
788.896	580
788.947	578
788.998	614
789.049	596
789.1	572
789.151	584
789.202	596
789.253	588
789.304	570
789.355	566
789.406	588
789.457	556
789.508	568
789.559	596
789.61	560
789.661	580
789.712	580
789.763	582
789.814	598
789.865	576
789.916	560
789.967	568
790.018	592
790.069	566
790.12	588
790.171	544
790.222	572
790.273	570
790.324	562
790.375	576
790.426	550
790.477	570
790.528	552
790.579	552
790.63	538
790.681	574
790.732	538
790.783	570
790.834	532
790.885	558
790.936	550
790.987	556
791.038	538
791.089	546
791.14	564
791.191	546
791.242	548
791.293	548
791.344	538
791.395	542
791.446	566
791.497	556
791.548	536
791.599	552
791.65	530
791.701	516
791.752	544
791.803	544
791.854	544
791.905	568
791.956	528
792.007	538
792.058	530
792.109	552
792.16	526
792.211	560
792.262	524
792.313	552
792.363	550
792.414	548
792.465	532
792.516	542
792.567	540
792.618	568
792.669	556
792.72	540
792.771	542
792.822	540
792.873	534
792.924	516
792.975	532
793.026	504
793.077	540
793.128	546
793.179	516
793.23	506
793.281	516
793.332	546
793.383	514
793.434	534
793.485	530
793.536	512
793.587	510
793.638	520
793.689	528
793.74	546
793.79	524
793.841	518
793.892	524
793.943	520
793.994	524
794.045	530
794.096	526
794.147	508
794.198	528
794.249	510
794.3	520
794.351	526
794.402	534
794.453	534
794.504	542
794.555	518
794.606	522
794.657	530
794.708	528
794.758	542
794.809	534
794.86	514
794.911	518
794.962	490
795.013	500
795.064	516
795.115	520
795.166	508
795.217	524
795.268	502
795.319	512
795.37	514
795.421	510
795.472	488
795.523	516
795.573	504
795.624	516
795.675	502
795.726	522
795.777	528
795.828	504
795.879	526
795.93	530
795.981	510
796.032	518
796.083	512
796.134	500
796.185	508
796.236	518
796.286	514
796.337	514
796.388	496
796.439	504
796.49	496
796.541	502
796.592	528
796.643	532
796.694	506
796.745	502
796.796	492
796.847	508
796.897	504
796.948	500
796.999	524
797.05	486
797.101	488
797.152	494
797.203	510
797.254	518
797.305	498
797.356	494
797.407	508
797.458	518
797.508	484
797.559	502
797.61	496
797.661	502
797.712	488
797.763	480
797.814	506
797.865	492
797.916	490
797.967	502
798.018	488
798.068	494
798.119	498
798.17	448
798.221	492
798.272	488
798.323	500
798.374	498
798.425	496
798.476	482
798.526	470
798.577	464
798.628	484
798.679	468
798.73	500
798.781	470
798.832	486
798.883	484
798.934	464
798.984	476
799.035	472
799.086	456
799.137	476
799.188	468
799.239	472
799.29	472
799.341	472
799.392	472
799.443	468
799.493	472
799.544	456
799.595	452
799.646	466
799.697	466
799.748	480
799.799	452
799.85	466
799.9	452
799.951	478
800.002	476
800.053	464
800.104	448
800.155	444
800.206	456
800.257	446
800.307	440
800.358	438
800.409	446
800.46	468
800.511	436
800.562	436
800.613	438
800.664	448
800.714	436
800.765	434
800.816	430
800.867	436
800.918	416
800.969	442
801.02	440
801.07	406
801.121	452
801.172	418
801.223	432
801.274	412
801.325	414
801.376	428
801.427	426
801.477	430
801.528	400
801.579	430
801.63	422
801.681	444
801.732	438
801.783	430
801.833	436
801.884	410
801.935	408
801.986	404
802.037	406
802.088	404
802.139	408
802.189	414
802.24	406
802.291	406
802.342	402
802.393	398
802.444	422
802.495	400
802.545	416
802.596	412
802.647	406
802.698	386
802.749	414
802.8	422
802.85	386
802.901	412
802.952	394
803.003	388
803.054	400
803.105	376
803.155	404
803.206	400
803.257	400
803.308	410
803.359	394
803.41	360
803.46	382
803.511	396
803.562	424
803.613	384
803.664	360
803.715	382
803.765	392
803.816	390
803.867	392
803.918	400
803.969	400
804.02	406
804.07	402
804.121	380
804.172	396
804.223	368
804.274	376
804.325	384
804.375	372
804.426	360
804.477	386
804.528	386
804.579	378
804.63	394
804.68	386
804.731	368
804.782	378
804.833	384
804.884	376
804.934	350
804.985	366
805.036	376
805.087	380
805.138	356
805.188	360
805.239	368
805.29	374
805.341	370
805.392	372
805.443	374
805.493	372.019
805.544	391.676
805.595	369.885
805.646	384.803
805.697	351.486
805.747	376.909
805.798	382.228
805.849	383.992
805.9	361.401
805.951	357.964
806.001	345.729
806.052	354.548
806.103	360.119
806.154	379.042
806.205	353.848
806.255	362.548
806.306	353.264
806.357	359.366
806.408	349.426
806.459	370.728
806.509	364.954
806.56	344.876
806.611	357.618
806.662	347.725
806.713	351.403
806.763	368.125
806.814	347.516
806.865	355.477
806.916	359.809
806.967	357.534
807.017	339.403
807.068	347.612
807.119	361.506
807.17	354.659
807.22	355.581
807.271	358.955
807.322	350.591
807.373	360.725
807.424	342.253
807.474	350.403
807.525	348.372
807.576	356.625
807.627	348.265
807.678	342.479
807.728	352.087
807.779	347.875
807.83	341.097
807.881	338.382
807.931	353.65
807.982	355.614
808.033	334.719
808.084	349.142
808.135	354.684
808.185	361.655
808.236	355.369
808.287	354.393
808.338	349.374
808.388	345.412
808.439	353.337
808.49	337.985
808.541	349.548
808.591	337.668
808.642	351.377
808.693	351.401
808.744	339.96
808.795	337.934
808.845	351.168
808.896	330.357
808.947	352.904
808.998	343.94
809.048	345.802
809.099	343.728
809.15	337.005
809.201	332.187
809.251	350.05
809.302	337.435
809.353	337.892
809.404	335.056
809.454	342.113
809.505	325.262
809.556	348.38
809.607	345.581
809.658	340.017
809.708	342.724
809.759	342.371
809.81	338.048
809.861	346.014
809.911	327.076
809.962	315.318
810.013	354.364
810.064	353.143
810.114	330.376
810.165	344.342
810.216	328.849
810.267	337.148
810.317	339.613
810.368	333.996
810.419	330.311
810.469	332.174
810.52	318.222
810.571	335.933
810.622	336.224
810.627	336
810.678	354
810.729	338
810.78	348
810.831	340
810.882	322
810.933	302
810.984	326
811.035	332
811.086	316
811.137	328
811.188	330
811.239	314
811.29	334
811.341	318
811.392	336
811.443	336
811.494	324
811.545	332
811.596	324
811.648	322
811.699	324
811.75	340
811.801	326
811.852	328
811.903	344
811.954	332
812.005	338
812.056	316
812.107	322
812.158	310
812.209	298
812.26	314
812.311	330
812.362	314
812.413	336
812.464	326
812.515	318
812.566	328
812.617	322
812.668	316
812.719	302
812.77	322
812.821	314
812.872	334
812.923	336
812.974	308
813.025	310
813.076	316
813.127	298
813.178	318
813.229	320
813.28	298
813.331	312
813.382	310
813.433	290
813.484	318
813.535	316
813.586	298
813.637	314
813.688	316
813.739	310
813.79	306
813.841	300
813.892	300
813.943	320
813.994	312
814.045	294
814.096	314
814.147	306
814.198	322
814.249	288
814.3	292
814.351	284
814.402	312
814.453	302
814.504	296
814.555	298
814.606	308
814.657	308
814.708	300
814.759	288
814.81	280
814.861	300
814.912	298
814.963	292
815.014	312
815.065	288
815.116	290
815.167	282
815.217	298
815.268	286
815.319	300
815.37	286
815.421	296
815.472	294
815.523	282
815.574	282
815.625	296
815.676	286
815.727	306
815.778	260
815.829	286
815.88	280
815.931	296
815.982	272
816.033	290
816.084	278
816.135	262
816.186	284
816.237	292
816.288	276
816.339	294
816.39	260
816.441	280
816.492	264
816.543	280
816.594	266
816.645	282
816.696	266
816.747	284
816.798	290
816.849	280
816.9	286
816.951	274
817.001	272
817.052	264
817.103	256
817.154	282
817.205	274
817.256	264
817.307	280
817.358	278
817.409	282
817.46	272
817.511	262
817.562	258
817.613	280
817.664	256
817.715	270
817.766	252
817.817	260
817.868	262
817.919	264
817.97	256
818.021	250
818.071	250
818.122	262
818.173	246
818.224	268
818.275	262
818.326	244
818.377	250
818.428	262
818.479	262
818.53	262
818.581	264
818.632	242
818.683	242
818.734	268
818.785	256
818.836	246
818.887	240
818.938	242
818.988	246
819.039	254
819.09	246
819.141	252
819.192	252
819.243	246
819.294	234
819.345	252
819.396	242
819.447	248
819.498	252
819.549	240
819.6	240
819.651	248
819.702	242
819.753	244
819.803	240
819.854	230
819.905	234
819.956	230
820.007	238
820.058	212
820.109	232
820.16	232
820.211	234
820.262	252
820.313	224
820.364	226
820.415	240
820.465	214
820.516	220
820.567	254
820.618	232
820.669	230
820.72	236
820.771	238
820.822	244
820.873	226
820.924	230
820.975	226
821.026	224
821.076	234
821.127	214
821.178	230
821.229	242
821.28	228
821.331	234
821.382	228
821.433	234
821.484	214
821.535	224
821.586	222
821.637	226
821.687	218
821.738	226
821.789	206
821.84	210
821.891	220
821.942	216
821.993	204
822.044	230
822.095	208
822.146	230
822.196	214
822.247	224
822.298	212
822.349	198
822.4	228
822.451	218
822.502	214
822.553	230
822.604	214
822.655	210
822.706	204
822.756	218
822.807	212
822.858	218
822.909	194
822.96	214
823.011	212
823.062	196
823.113	204
823.164	214
823.214	206
823.265	212
823.316	202
823.367	202
823.418	210
823.469	212
823.52	210
823.571	196
823.622	222
823.672	218
823.723	198
823.774	206
823.825	208
823.876	216
823.927	208
823.978	198
824.029	198
824.08	212
824.13	194
824.181	192
824.232	184
824.283	192
824.334	186
824.385	196
824.436	202
824.487	214
824.537	196
824.588	194
824.639	200
824.69	190
824.741	188
824.792	194
824.843	214
824.893	204
824.944	200
824.995	202
825.046	198
825.097	200
825.148	208
825.199	192
825.25	186
825.3	178
825.351	214
825.402	194
825.453	204
825.504	196
825.555	200
825.606	196
825.657	180
825.707	202
825.758	188
825.809	204
825.86	190
825.911	194
825.962	194
826.013	186
826.063	192
826.114	196
826.165	204
826.216	204
826.267	204
826.318	190
826.369	170
826.419	192
826.47	192
826.521	196
826.572	192
826.623	194
826.674	186
826.725	172
826.775	204
826.826	184
826.877	192
826.928	194
826.979	186
827.03	170
827.08	208
827.131	178
827.182	196
827.233	194
827.284	196
827.335	192
827.386	188
827.436	180
827.487	178
827.538	188
827.589	196
827.64	186
827.691	192
827.741	188
827.792	186
827.843	188
827.894	184
827.945	180
827.996	180
828.046	186
828.097	174
828.148	186
828.199	196
828.25	180
828.301	190
828.351	172
828.402	186
828.453	164
828.504	188
828.555	180
828.606	188
828.656	176
828.707	172
828.758	198
828.809	188
828.86	196
828.911	188
828.961	180
829.012	182
829.063	176
829.114	192
829.165	188
829.216	186
829.266	182
829.317	170
829.368	174
829.419	180
829.47	184
829.52	190
829.571	170
829.622	188
829.673	188
829.724	190
829.774	168
829.825	170
829.876	180
829.927	168
829.978	170
830.029	182
830.079	180
830.13	176
830.181	174
830.232	182
830.283	170
830.333	174
830.384	158
830.435	168
830.486	166
830.537	180
830.587	168
830.638	172
830.689	188
830.74	182
830.791	176
830.841	162
830.892	176
830.943	166
830.994	198
831.045	174
831.095	182
831.146	172
831.197	176
831.248	170
831.299	170
831.349	180
831.4	178
831.451	180
831.502	170
831.553	170
831.603	158
831.654	168
831.705	178
831.756	168
831.807	178
831.857	166
831.908	186
831.959	168
832.01	168
832.061	170
832.111	166
832.162	154
832.213	172
832.264	168
832.315	180
832.365	166
832.416	170
832.467	182
832.518	180
832.568	176
832.619	170
832.67	174
832.721	162
832.772	148
832.822	166
832.873	148
832.924	164
832.975	152
833.025	174
833.076	162
833.127	172
833.178	158
833.229	164
833.279	170
833.33	168
833.381	170
833.432	178
833.482	170
833.533	156
833.584	156
833.635	170
833.685	178
833.736	174
833.787	162
833.838	158
833.889	160
833.939	166
833.99	164
834.041	182
834.092	162
834.142	170
834.193	178
834.244	164
834.295	166
834.345	152
834.396	158
834.447	154
834.498	168
834.548	154
834.599	170
834.65	178
834.701	164
834.751	158
834.802	166
834.853	150
834.904	166
834.954	162
835.005	160
835.056	166
835.107	164
835.157	146
835.208	172
835.259	156
835.31	164
835.36	156
835.411	158
835.462	140
835.513	156
835.563	170
835.614	162
835.665	158
835.716	160
835.766	164
835.817	152
835.868	150
835.919	154
835.969	152
836.02	168
836.071	160
836.122	170
836.172	146
836.223	162
836.274	142
836.325	172
836.375	156
836.426	146
836.477	158
836.528	142
836.578	146
836.629	156
836.68	160
836.73	154
836.781	158
836.832	150
836.883	150
836.933	152
836.984	138
837.035	168
837.086	152
837.136	156
837.187	156
837.238	148
837.288	152
837.339	148
837.39	148
837.441	144
837.491	156
837.542	150
837.593	146
837.643	160
837.694	158
837.745	148
837.796	160
837.846	158
837.897	138
837.948	136
837.999	154
838.049	150
838.1	152
838.151	140
838.201	156
838.252	152
838.303	146
838.354	144
838.404	150
838.455	162
838.506	136
838.556	168
838.607	150
838.658	130
838.708	158
838.759	154
838.81	150
838.861	148
838.911	146
838.962	150
839.013	132
839.063	154
839.114	150
839.165	150
839.216	150
839.266	146
839.317	126
839.368	158
839.418	134
839.469	148
839.52	134
839.57	142
839.621	142
839.672	134
839.722	152
839.773	140
839.824	136
839.875	160
839.925	136
839.976	138
840.027	152
840.077	130
840.128	142
840.179	154
840.229	152
840.28	150
840.331	136
840.381	148
840.432	150
840.483	138
840.534	140
840.584	144
840.635	144
840.686	138
840.736	154
840.787	144
840.838	132
840.888	158
840.939	138
840.99	150
841.04	142
841.091	132
841.142	154
841.192	138
841.243	150
841.294	134
841.344	144
841.395	138
841.446	138
841.496	142
841.547	124
841.598	144
841.648	144
841.699	136
841.75	130
841.8	138
841.851	136
841.902	146
841.952	126
842.003	136
842.054	136
842.104	140
842.155	142
842.206	128
842.256	150
842.307	144
842.358	126
842.408	124
842.459	150
842.51	126
842.56	140
842.611	152
842.662	130
842.712	144
842.763	130
842.814	128
842.864	134
842.915	150
842.966	130
843.016	136
843.067	150
843.118	124
843.168	122
843.219	142
843.269	142
843.32	118
843.371	134
843.421	126
843.472	142
843.523	142
843.573	126
843.624	138
843.675	136
843.725	138
843.776	136
843.827	136
843.877	132
843.928	138
843.979	134
844.029	132
844.08	130
844.13	138
844.181	138
844.232	128
844.282	134
844.333	132
844.384	134
844.434	136
844.485	128
844.536	148
844.586	126
844.637	130
844.687	128
844.738	136
844.789	126
844.839	132
844.89	138
844.941	128
844.991	138
845.042	130
845.092	130
845.143	132
845.194	122
845.244	124
845.295	124
845.346	126
845.396	132
845.447	126
845.497	124
845.548	128
845.599	138
845.649	128
845.7	128
845.75	126
845.801	128
845.852	130
845.902	124
845.953	136
846.004	134
846.054	122
846.105	128
846.155	136
846.206	126
846.257	120
846.307	126
846.358	128
846.409	124
846.459	122
846.51	114
846.56	126
846.611	122
846.661	116
846.712	114
846.763	130
846.813	134
846.864	112
846.915	114
846.965	134
847.016	118
847.066	116
847.117	126
847.168	128
847.218	126
847.269	122
847.319	128
847.37	126
847.421	132
847.471	116
847.522	118
847.572	126
847.623	136
847.674	112
847.724	120
847.775	118
847.825	120
847.876	120
847.926	116
847.977	128
848.028	132
848.078	118
848.129	120
848.179	124
848.23	120
848.281	118
848.331	126
848.382	124
848.432	126
848.483	120
848.534	102
848.584	118
848.635	124
848.685	106
848.736	112
848.786	120
848.837	126
848.888	126
848.938	112
848.989	126
849.039	122
849.09	114
849.14	114
849.191	132
849.242	128
849.292	130
849.343	104
849.393	118
849.444	132
849.494	120
849.545	118
849.596	120
849.646	120
849.697	118
849.747	114
849.798	118
849.848	106
849.899	118
849.95	114
850	128
850.051	108
850.101	122
850.152	118
850.202	114
850.253	116
850.303	108
850.354	114
850.405	120
850.455	128
850.506	112
850.556	102
850.607	120
850.657	116
850.708	126
850.758	112
850.809	120
850.86	122
850.91	128
850.961	110
851.011	118
851.062	124
851.112	112
851.163	116
851.213	116
851.264	116
851.314	112
851.365	102
851.416	120
851.466	116
851.517	108
851.567	106
851.618	104
851.668	112
851.719	112
851.769	124
851.82	108
851.87	114
851.921	114
851.971	110
852.022	118
852.073	116
852.123	112
852.174	100
852.224	120
852.275	112
852.325	115.99
852.376	119.878
852.426	102.104
852.477	114.003
852.527	115.22
852.578	109.888
852.628	107.352
852.679	111.694
852.729	104.843
852.78	101.516
852.831	109.402
852.881	110.201
852.932	116.527
852.982	120.873
853.033	113.172
853.083	118.727
853.134	113.049
853.184	100.077
853.235	109.656
853.285	97.6191
853.336	109.522
853.386	109.569
853.437	108.169
853.487	107.838
853.538	111.254
853.588	117.321
853.639	104.774
853.689	110.552
853.74	112.28
853.79	116.696
853.841	102.1
853.891	106.765
853.942	107.691
853.992	107.741
854.043	102.27
854.093	103.297
854.144	108.161
854.194	101.037
854.245	111.002
854.295	106.249
854.346	105.587
854.396	109.495
854.447	100.323
854.497	110.395
854.548	109.269
854.598	106.793
854.649	102.504
854.699	108.6
854.75	107.561
854.8	103.95
854.851	105.778
854.901	105.31
854.952	110.798
855.002	120.267
855.053	108.9
855.103	97.2463
855.154	103.478
855.204	109.227
855.255	101.83
855.305	107.553
855.356	110.5
855.406	108.892
855.457	105.819
855.507	102.266
855.558	101.975
855.608	103.624
855.659	102.706
855.709	107.919
855.76	106.102
855.81	105.494
855.861	105.702
855.911	99.5398
855.962	99.2375
856.012	104.332
856.063	104.076
856.113	105.47
856.164	107.231
856.214	108.9
856.265	108.373
856.315	104.162
856.366	95.8012
856.416	100.956
856.467	107.926
856.517	107.36
856.568	104.43
856.618	105.024
856.668	105.598
856.719	101.04
856.769	97.6187
856.82	101.838
856.87	102.121
856.921	101.66
856.971	103.827
857.022	104.797
857.072	102.183
857.123	100.775
857.173	93.1589
857.224	96.0375
857.274	111.034
857.325	102.454
857.352	96
857.403	106
857.453	110
857.504	98
857.555	106
857.606	88
857.656	104
857.707	110
857.758	82
857.809	90
857.859	110
857.91	94
857.961	104
858.012	94
858.063	94
858.113	102
858.164	102
858.215	80
858.266	98
858.316	100
858.367	96
858.418	106
858.469	102
858.519	96
858.57	102
858.621	104
858.672	96
858.722	100
858.773	92
858.824	92
858.875	102
858.925	100
858.976	98
859.027	102
859.078	108
859.128	90
859.179	86
859.23	88
859.281	82
859.331	102
859.382	104
859.433	90
859.483	100
859.534	94
859.585	90
859.636	104
859.686	98
859.737	104
859.788	96
859.839	92
859.889	96
859.94	100
859.991	106
860.042	98
860.092	82
860.143	104
860.194	98
860.245	88
860.295	96
860.346	92
860.397	100
860.447	96
860.498	84
860.549	98
860.6	98
860.65	102
860.701	94
860.752	92
860.802	92
860.853	102
860.904	82
860.955	96
861.005	104
861.056	100
861.107	98
861.158	92
861.208	98
861.259	98
861.31	84
861.36	100
861.411	94
861.462	92
861.513	98
861.563	100
861.614	94
861.665	100
861.715	84
861.766	102
861.817	108
861.868	92
861.918	92
861.969	98
862.02	86
862.07	104
862.121	84
862.172	84
862.223	104
862.273	106
862.324	90
862.375	98
862.425	102
862.476	96
862.527	94
862.577	88
862.628	92
862.679	92
862.73	88
862.78	102
862.831	86
862.882	96
862.932	94
862.983	98
863.034	108
863.084	98
863.135	78
863.186	84
863.237	92
863.287	98
863.338	92
863.389	98
863.439	98
863.49	96
863.541	100
863.591	92
863.642	100
863.693	106
863.744	94
863.794	82
863.845	98
863.896	100
863.946	84
863.997	82
864.048	100
864.098	100
864.149	86
864.2	88
864.25	94
864.301	92
864.352	86
864.402	86
864.453	100
864.504	90
864.555	92
864.605	84
864.656	96
864.707	88
864.757	86
864.808	82
864.859	96
864.909	86
864.96	92
865.011	78
865.061	96
865.112	88
865.163	100
865.213	90
865.264	90
865.315	96
865.365	92
865.416	84
865.467	92
865.517	92
865.568	104
865.619	84
865.669	94
865.72	90
865.771	70
865.821	76
865.872	96
865.923	100
865.973	90
866.024	86
866.075	102
866.125	80
866.176	94
866.227	90
866.277	84
866.328	90
866.379	82
866.429	80
866.48	98
866.531	90
866.581	94
866.632	86
866.683	82
866.733	98
866.784	102
866.835	88
866.885	94
866.936	86
866.987	90
867.037	86
867.088	82
867.138	92
867.189	82
867.24	86
867.29	76
867.341	94
867.392	96
867.442	90
867.493	84
867.544	78
867.594	90
867.645	72
867.696	84
867.746	88
867.797	80
867.848	80
867.898	84
867.949	94
867.999	96
868.05	82
868.101	92
868.151	88
868.202	84
868.253	88
868.303	94
868.354	92
868.405	88
868.455	78
868.506	80
868.556	88
868.607	86
868.658	86
868.708	90
868.759	94
868.81	86
868.86	92
868.911	80
868.961	94
869.012	90
869.063	86
869.113	78
869.164	86
869.215	82
869.265	74
869.316	84
869.367	78
869.417	88
869.468	96
869.518	72
869.569	86
869.62	98
869.67	88
869.721	80
869.771	84
869.822	84
869.873	86
869.923	74
869.974	90
870.025	90
870.075	80
870.126	82
870.176	84
870.227	86
870.278	86
870.328	74
870.379	96
870.43	98
870.48	92
870.531	78
870.581	92
870.632	88
870.683	82
870.733	72
870.784	86
870.834	84
870.885	78
870.936	78
870.986	86
871.037	84
871.087	84
871.138	76
871.189	84
871.239	86
871.29	86
871.34	76
871.391	76
871.442	88
871.492	94
871.543	88
871.593	82
871.644	88
871.695	88
871.745	88
871.796	86
871.846	84
871.897	92
871.948	86
871.998	76
872.049	90
872.099	94
872.15	74
872.201	74
872.251	86
872.302	94
872.352	94
872.403	78
872.453	80
872.504	86
872.555	78
872.605	74
872.656	82
872.706	90
872.757	88
872.808	80
872.858	82
872.909	80
872.959	78
873.01	70
873.06	86
873.111	70
873.162	78
873.212	82
873.263	78
873.313	90
873.364	76
873.415	80
873.465	82
873.516	82
873.566	88
873.617	72
873.667	90
873.718	78
873.769	88
873.819	80
873.87	78
873.92	80
873.971	82
874.021	66
874.072	80
874.123	84
874.173	86
874.224	74
874.274	84
874.325	74
874.375	76
874.426	66
874.477	80
874.527	82
874.578	88
874.628	78
874.679	82
874.729	82
874.78	84
874.83	68
874.881	74
874.932	82
874.982	84
875.033	74
875.083	78
875.134	88
875.184	90
875.235	76
875.285	88
875.336	92
875.387	80
875.437	70
875.488	78
875.538	86
875.589	82
875.639	88
875.69	76
875.74	78
875.791	76
875.841	84
875.892	74
875.943	76
875.993	84
876.044	74
876.094	72
876.145	80
876.195	80
876.246	80
876.296	82
876.347	98
876.397	80
876.448	82
876.499	80
876.549	82
876.6	78
876.65	88
876.701	76
876.751	88
876.802	72
876.852	82
876.903	74
876.953	80
877.004	82
877.054	78
877.105	72
877.155	78
877.206	80
877.257	68
877.307	74
877.358	82
877.408	78
877.459	78
877.509	76
877.56	82
877.61	78
877.661	84
877.711	68
877.762	80
877.812	80
877.863	82
877.913	66
877.964	78
878.014	80
878.065	76
878.115	72
878.166	88
878.216	72
878.267	82
878.318	78
878.368	78
878.419	70
878.469	78
878.52	78
878.57	80
878.621	84
878.671	74
878.722	62
878.772	80
878.823	78
878.873	74
878.924	70
878.974	82
879.025	82
879.075	78
879.126	64
879.176	80
879.227	86
879.277	88
879.328	78
879.378	88
879.429	88
879.479	76
879.53	72
879.58	64
879.631	84
879.681	82
879.732	72
879.782	70
879.833	78
879.883	74
879.934	70
879.984	70
880.035	80
880.085	78
880.136	76
880.186	60
880.237	72
880.287	80
880.338	80
880.388	78
880.439	82
880.489	76
880.54	76
880.59	74
880.641	78
880.691	74
880.742	78
880.792	74
880.842	82
880.893	84
880.943	76
880.994	66
881.044	80
881.095	78
881.145	82
881.196	58
881.246	82
881.297	68
881.347	70
881.398	78
881.448	76
881.499	70
881.549	68
881.6	68
881.65	80
881.701	78
881.751	82
881.802	70
881.852	72
881.902	74
881.953	78
882.003	72
882.054	80
882.104	70
882.155	78
882.205	66
882.256	76
882.306	70
882.357	78
882.407	62
882.458	84
882.508	74
882.559	70
882.609	58
882.659	80
882.71	76
882.76	76
882.811	74
882.861	72
882.912	80
882.962	80
883.013	72
883.063	72
883.114	84
883.164	80
883.214	56
883.265	70
883.315	74
883.366	78
883.416	76
883.467	56
883.517	86
883.568	82
883.618	70
883.669	72
883.719	78
883.769	70
883.82	74
883.87	64
883.921	84
883.971	78
884.022	72
884.072	72
884.123	72
884.173	78
884.223	68
884.274	64
884.324	72
884.375	82
884.425	68
884.476	54
884.526	82
884.577	70
884.627	74
884.677	62
884.728	74
884.778	72
884.829	76
884.879	72
884.93	78
884.98	64
885.03	76
885.081	68
885.131	74
885.182	78
885.232	72
885.283	62
885.333	68
885.383	74
885.434	80
885.484	70
885.535	76
885.585	72
885.635	74
885.686	60
885.736	62
885.787	70
885.837	66
885.888	66
885.938	76
885.988	76
886.039	68
886.089	62
886.14	82
886.19	64
886.241	68
886.291	66
886.341	66
886.392	66
886.442	80
886.493	58
886.543	66
886.593	72
886.644	70
886.694	60
886.745	66
886.795	68
886.845	78
886.896	66
886.946	68
886.997	68
887.047	64
887.097	58
887.148	62
887.198	70
887.249	70
887.299	56
887.349	64
887.4	62
887.45	68
887.501	74
887.551	64
887.602	72
887.652	66
887.702	66
887.753	66
887.803	66
887.853	76
887.904	60
887.954	66
888.005	76
888.055	74
888.105	70
888.156	68
888.206	74
888.257	64
888.307	64
888.357	64
888.408	64
888.458	64
888.509	64
888.559	64
888.609	62
888.66	66
888.71	62
888.76	62
888.811	66
888.861	60
888.912	76
888.962	68
889.012	62
889.063	66
889.113	60
889.163	54
889.214	70
889.264	60
889.315	68
889.365	64
889.415	64
889.466	70
889.516	72
889.566	64
889.617	70
889.667	72
889.718	62
889.768	66
889.818	66
889.869	70
889.919	64
889.969	62
890.02	74
890.07	64
890.12	64
890.171	68
890.221	70
890.272	68
890.322	78
890.372	54
890.423	70
890.473	70
890.523	66
890.574	60
890.624	58
890.674	60
890.725	64
890.775	60
890.826	56
890.876	68
890.926	64
890.977	64
891.027	66
891.077	62
891.128	64
891.178	76
891.228	64
891.279	64
891.329	70
891.379	54
891.43	70
891.48	66
891.53	66
891.581	58
891.631	54
891.681	72
891.732	60
891.782	62
891.832	64
891.883	60
891.933	64
891.983	70
892.034	60
892.084	58
892.134	64
892.185	62
892.235	56
892.286	62
892.336	64
892.386	58
892.437	66
892.487	70
892.537	70
892.587	66
892.638	62
892.688	68
892.738	60
892.789	64
892.839	58
892.889	56
892.94	62
892.99	68
893.04	56
893.091	54
893.141	62
893.191	62
893.242	54
893.292	70
893.342	66
893.393	58
893.443	62
893.493	64
893.544	52
893.594	66
893.644	62
893.695	66
893.745	66
893.795	62
893.846	58
893.896	54
893.946	60
893.996	76
894.047	66
894.097	66
894.147	66
894.198	62
894.248	54
894.298	62
894.349	56
894.399	56
894.449	56
894.5	62
894.55	68
894.6	68
894.65	56
894.701	60
894.751	54
894.801	54
894.852	56
894.902	70
894.952	50
895.003	60
895.053	62
895.103	56
895.153	58
895.204	58
895.254	62
895.304	58
895.355	62
895.405	64
895.455	66
895.505	62
895.556	70
895.606	62
895.656	56
895.707	58
895.757	62
895.807	64
895.858	64
895.908	52
895.958	50
896.008	62
896.059	54
896.109	52
896.159	64
896.21	70
896.26	62
896.31	50
896.36	70
896.411	64
896.461	60
896.511	54
896.561	62
896.612	58
896.662	62
896.712	58
896.763	56
896.813	62
896.863	60
896.913	50
896.964	60
897.014	48
897.064	60
897.115	54
897.165	60
897.215	64
897.265	68
897.316	52
897.366	54
897.416	68
897.466	56
897.517	58
897.567	58
897.617	68
897.667	58
897.718	54
897.768	60
897.818	56
897.868	68
897.919	52
897.969	58
898.019	56
898.069	58
898.12	58
898.17	60
898.22	58
898.27	62
898.321	50
898.371	64
898.421	58
898.471	68
898.522	56
898.572	54
898.622	62
898.672	56
898.723	48
898.773	60
898.823	66
898.873	64
898.924	58
898.974	60
899.024	64
899.074	54
899.125	54
899.175	54
899.225	60
899.275	54
899.326	60
899.376	52
899.426	62
899.476	64
899.527	64
899.577	48
899.627	60
899.677	48
899.728	62
899.778	52
899.828	58
899.878	54
899.928	48
899.979	42
